EV:
0: 0 1
1:  0 13
2:  0 26
3:  0 27
4: 1 2
5:  1 13
6:  1 14
7:  1 27
8:  1 28
9: 2 3
10:  2 14
11:  2 15
12:  2 28
13:  2 29
14: 3 4
15:  3 15
16:  3 16
17:  3 29
18:  3 30
19: 4 5
20:  4 16
21:  4 17
22:  4 30
23:  4 31
24: 5 6
25:  5 17
26:  5 18
27:  5 31
28:  5 32
29: 6 7
30:  6 18
31:  6 19
32:  6 32
33:  6 33
34: 7 8
35:  7 19
36:  7 20
37:  7 33
38:  7 34
39: 8 9
40:  8 20
41:  8 21
42:  8 34
43:  8 35
44:  9 10
45:  9 21
46:  9 22
47:  9 35
48:  9 36
49: 10 11
50: 10 22
51: 10 23
52: 10 36
53: 10 37
54: 11 12
55: 11 23
56: 11 24
57: 11 37
58: 11 38
59: 12 24
60: 12 25
61: 12 38
62: 13 14
63: 14 15
64: 15 16
65: 16 17
66: 17 18
67: 18 19
68: 19 20
69: 20 21
70: 21 22
71: 22 23
72: 23 24
73: 24 25
74: 26 27
75: 27 28
76: 28 29
77: 29 30
78: 30 31
79: 31 32
80: 32 33
81: 33 34
82: 34 35
83: 35 36
84: 36 37
85: 37 38
--------------------------------------------------------------------------
De: 
 3.0475e+07  6.7045e+06           0
 6.7045e+06  3.0475e+07           0
          0           0 1.18852e+07
--------------------------------------------------------------------------
In createDOFTranslationMap
Number of Vertices: 39
Number of Faces: 48
Number of DOF: 108
DOFTranslationMap
 -1  -1  -1
  0   1   2
  3   4   5
  6   7   8
  9  10  11
 12  13  14
 15  16  17
 18  19  20
 21  22  23
 24  25  26
 27  28  29
 30  31  32
 33  34  35
 -1  -1  -1
 36  37  38
 39  40  41
 42  43  44
 45  46  47
 48  49  50
 51  52  53
 54  55  56
 57  58  59
 60  61  62
 63  64  65
 66  67  68
 69  70  71
 -1  -1  -1
 72  73  74
 75  76  77
 78  79  80
 81  82  83
 84  85  86
 87  88  89
 90  91  92
 93  94  95
 96  97  98
 99 100 101
102 103 104
105 106 107
--------------------------------------------------------------------------
Beginnig Assembly Of Stiffness Matrix.
In calculateGlobalStiffnessMatrix
faceIdx: 0
verticesIndices
 0
 1
13
27
14
-1
setting edge idx 2 as clamped
local vertex: 0
0
0
local vertex: 1
0
0
local vertex:    0
0.55
   0
--------------------------------------------------------------------------
vertices[0]: 0
0
0
vertices[1]: 0
0
1
vertices[2]: 0.55
   0
   0
neighborExists[0]: 1
neighborExists[1]: 1
neighborExists[2]: 0
neighborVertices[0]:  -0.545295
-0.0717894
         1
neighborVertices[1]:  0.545295
0.0717894
        1
neighborVertices[2]: 0
0
0

Element: 
heights[0]: 0.481919
heights[1]: 1
heights[2]: 0.55
cosine[0]: 0
cosine[1]: 0.876216
cosine[2]: 0.481919
c[0]: 0.481919
c[1]: -1
c[2]: 0
s[0]: 0.876216
s[1]: -0
s[2]: -1
axes[0]: 
0
0
1
axes[1]: 
1
0
0
axes[2]: 
0
1
0
area: 0.275
--------------------------------------------------------------------------
Neighbors: 
neighbor[0]
heightArr[0]: 1
heightArr[1]: 0.481919
heightArr[2]: 0
cosineArr[0]: 0.876216
cosineArr[1]: -0
cosineArr[2]: 0
height: 0.55
normal: 
-0.130526
 0.991445
        0

neighbor[1]
heightArr[0]: 0
heightArr[1]: 0.549994
heightArr[2]: 1.00257
cosineArr[0]: 0
cosineArr[1]: 0.477796
cosineArr[2]: 0.876219
height: 0.483159
normal: 
 -0.130191
    0.9889
-0.0716051

neighbor[2]
heightArr[0]: 0
heightArr[1]: 0
heightArr[2]: 0
cosineArr[0]: 0
cosineArr[1]: 0
cosineArr[2]: 0
height: 0
normal: 
0
0
0

--------------------------------------------------------------------------

edge is clamped: setting row[5] = row[1]
R: 
0.232246        1        0
0.767754        0        1
 0.84453        0       -0
H: 
-2.07237        0        0        0 -2.07237        0
       0       -1        0        0        0       -1
       0        0 -1.81818 -1.81818        0        0
C: 
        0   2.07504         0        -0 -0.481919        -0        -0  -1.59312        -0         0         0         0         0         0         0         0         0         0
       -0        -1        -0         0         1         0        -0        -0        -0         0         0         0         0         0         0         0         0         0
       -0  -1.81818        -0        -0        -0        -0         0   1.81818         0         0         0         0         0         0         0         0         0         0
       -0         0         0   0.23732  -1.80263        -0         0         0         0  -0.23732   1.80263         0         0         0         0         0         0         0
        0         0         0  0.207413  -1.57546  0.114077 0.0620451 -0.471279 0.0341248         0         0         0 -0.269458   2.04674 -0.148202         0         0         0
       -0        -1        -0         0         1         0        -0        -0        -0         0         0         0         0         0         0         0         0         0
HC: 
        -0   -4.30025          0  -0.429837    4.26365   -0.23641  -0.128581     4.2782 -0.0707193          0          0          0   0.558418    -4.2416    0.30713          0          0          0
         0          2          0          0         -2          0          0          0          0          0          0          0          0          0          0          0          0          0
         0    3.30579          0  -0.431492     3.2775          0          0   -3.30579          0   0.431492    -3.2775          0          0          0          0          0          0          0
B: 
         0    1.00129          0 -0.0998278   -1.00979 -0.0549053 -0.0298623   0.993594 -0.0164243          0          0          0    0.12969  -0.985094  0.0713295          0          0          0
         0 0.00424833          0  -0.761501    6.55094  -0.181505 -0.0987183 -0.0211763  -0.054295   0.431492    -3.2775          0   0.428727   -3.25651     0.2358          0          0          0
        -0   -3.63169          0   -0.36301    3.60078  -0.199656   -0.10859    3.61307 -0.0597246          0          0          0     0.4716   -3.58216    0.25938          0          0          0
--------------------------------------------------------------------------
Bm: 
      -0       -0       -1        0        0        1       -0       -0       -0
-1.81818       -0       -0        0        0        0  1.81818        0        0
      -1       -0 -1.81818        1        0        0       -0       -0  1.81818
Km: 
 3.60413e+07            0  1.08159e+07 -3.80328e+06            0  -3.9008e+06  -3.2238e+07            0 -6.91505e+06
           0            0            0            0            0            0            0            0            0
 1.08159e+07            0  2.23248e+07 -6.91505e+06            0   -9.752e+06  -3.9008e+06            0 -1.25728e+07
-3.80328e+06            0 -6.91505e+06  3.80328e+06            0            0            0            0  6.91505e+06
           0            0            0            0            0            0            0            0            0
 -3.9008e+06            0   -9.752e+06            0            0    9.752e+06   3.9008e+06            0            0
 -3.2238e+07            0  -3.9008e+06            0            0   3.9008e+06   3.2238e+07            0            0
           0            0            0            0            0            0            0            0            0
-6.91505e+06            0 -1.25728e+07  6.91505e+06            0            0            0            0  1.25728e+07
Kb: 
           0            0            0            0            0            0            0            0            0            0            0            0            0            0            0            0            0            0
           0       511638            0        20232      -386222      15561.9       8463.9      -343383      4655.14      8062.34     -61239.5            0     -36758.2       279206       -20217            0            0            0
           0            0            0            0            0            0            0            0            0            0            0            0            0            0            0            0            0            0
           0        20232            0      56145.7      -447060      15407.5      8379.92     -63292.5      4608.95     -28132.2       213685            0     -36393.5       276436     -20016.4            0            0            0
           0      -386222            0      -447060  3.83468e+06      -120895     -65753.4       446750     -36164.4       227251 -1.72614e+06            0       285563 -2.16907e+06       157060            0            0            0
           0      15561.9            0      15407.5      -120895      4650.99      2529.61     -30912.1      1391.29     -6951.12        52799            0       -10986      83446.6     -6042.28            0            0            0
           0       8463.9            0      8379.92     -65753.4      2529.61      1375.82     -16812.7      756.703     -3780.62      28716.7            0     -5975.12      45385.5     -3286.32            0            0            0
           0      -343383            0     -63292.5       446750     -30912.1     -16812.7       505093     -9246.98      7088.65     -53843.6            0      73016.5      -554615      40159.1            0            0            0
           0      4655.14            0      4608.95     -36164.4      1391.29      756.703     -9246.98      416.187     -2079.34      15794.2            0     -3286.32        24962     -1807.47            0            0            0
           0      8062.34            0     -28132.2       227251     -6951.12     -3780.62      7088.65     -2079.34      15493.8      -117687            0        16419      -124715      9030.46            0            0            0
           0     -61239.5            0       213685 -1.72614e+06        52799      28716.7     -53843.6      15794.2      -117687       893920            0      -124715       947303     -68593.1            0            0            0
           0            0            0            0            0            0            0            0            0            0            0            0            0            0            0            0            0            0
           0     -36758.2            0     -36393.5       285563       -10986     -5975.12      73016.5     -3286.32        16419      -124715            0      25949.6      -197107      14272.3            0            0            0
           0       279206            0       276436 -2.16907e+06      83446.6      45385.5      -554615        24962      -124715       947303            0      -197107  1.49717e+06      -108409            0            0            0
           0       -20217            0     -20016.4       157060     -6042.28     -3286.32      40159.1     -1807.47      9030.46     -68593.1            0      14272.3      -108409      7849.75            0            0            0
           0            0            0            0            0            0            0            0            0            0            0            0            0            0            0            0            0            0
           0            0            0            0            0            0            0            0            0            0            0            0            0            0            0            0            0            0
           0            0            0            0            0            0            0            0            0            0            0            0            0            0            0            0            0            0
Ke: 
 9.91135e+06            0  2.97436e+06  -1.0459e+06            0 -1.07272e+06 -8.86545e+06            0 -1.90164e+06            0            0            0            0            0            0            0            0            0
           0       140701            0      5563.79      -106211      4279.51      2327.57     -94430.4      1280.16      2217.14     -16840.9            0     -10108.5      76781.7     -5559.68            0            0            0
 2.97436e+06            0  6.13933e+06 -1.90164e+06            0  -2.6818e+06 -1.07272e+06            0 -3.45753e+06            0            0            0            0            0            0            0            0            0
 -1.0459e+06      5563.79 -1.90164e+06  1.06134e+06      -122942      4237.05      2304.48     -17405.4  1.90291e+06     -7736.34      58763.4            0     -10008.2      76019.9     -5504.51            0            0            0
           0      -106211            0      -122942  1.05454e+06     -33246.2     -18082.2       122856      -9945.2      62493.9      -474688            0      78529.9      -596494      43191.4            0            0            0
-1.07272e+06      4279.51  -2.6818e+06      4237.05     -33246.2  2.68308e+06  1.07342e+06     -8500.83      382.604     -1911.56      14519.7            0     -3021.14      22947.8     -1661.63            0            0            0
-8.86545e+06      2327.57 -1.07272e+06      2304.48     -18082.2  1.07342e+06  8.86583e+06     -4623.49      208.093     -1039.67      7897.09            0     -1643.16        12481     -903.737            0            0            0
           0     -94430.4            0     -17405.4       122856     -8500.83     -4623.49       138901     -2542.92      1949.38       -14807            0      20079.5      -152519      11043.7            0            0            0
-1.90164e+06      1280.16 -3.45753e+06  1.90291e+06      -9945.2      382.604      208.093     -2542.92  3.45764e+06     -571.819       4343.4            0     -903.737      6864.56     -497.055            0            0            0
           0      2217.14            0     -7736.34      62493.9     -1911.56     -1039.67      1949.38     -571.819      4260.78     -32363.9            0      4515.23     -34296.6      2483.38            0            0            0
           0     -16840.9            0      58763.4      -474688      14519.7      7897.09       -14807       4343.4     -32363.9       245828            0     -34296.6       260508     -18863.1            0            0            0
           0            0            0            0            0            0            0            0            0            0            0            0            0            0            0            0            0            0
           0     -10108.5            0     -10008.2      78529.9     -3021.14     -1643.16      20079.5     -903.737      4515.23     -34296.6            0      7136.14     -54204.3      3924.87            0            0            0
           0      76781.7            0      76019.9      -596494      22947.8        12481      -152519      6864.56     -34296.6       260508            0     -54204.3       411723     -29812.4            0            0            0
           0     -5559.68            0     -5504.51      43191.4     -1661.63     -903.737      11043.7     -497.055      2483.38     -18863.1            0      3924.87     -29812.4      2158.68            0            0            0
           0            0            0            0            0            0            0            0            0            0            0            0            0            0            0            0            0            0
           0            0            0            0            0            0            0            0            0            0            0            0            0            0            0            0            0            0
           0            0            0            0            0            0            0            0            0            0            0            0            0            0            0            0            0            0
--------------------------------------------------------------------------
pushing to K_triplets. row: 0 col: 0 value: 1.06134e+06
pushing to K_triplets. row: 0 col: 1 value: -122942
pushing to K_triplets. row: 0 col: 2 value: 4237.05
pushing to K_triplets. row: 0 col: 72 value: -7736.34
pushing to K_triplets. row: 0 col: 73 value: 58763.4
pushing to K_triplets. row: 0 col: 74 value: 0
pushing to K_triplets. row: 0 col: 36 value: -10008.2
pushing to K_triplets. row: 0 col: 37 value: 76019.9
pushing to K_triplets. row: 0 col: 38 value: -5504.51
pushing to K_triplets. row: 1 col: 0 value: -122942
pushing to K_triplets. row: 1 col: 1 value: 1.05454e+06
pushing to K_triplets. row: 1 col: 2 value: -33246.2
pushing to K_triplets. row: 1 col: 72 value: 62493.9
pushing to K_triplets. row: 1 col: 73 value: -474688
pushing to K_triplets. row: 1 col: 74 value: 0
pushing to K_triplets. row: 1 col: 36 value: 78529.9
pushing to K_triplets. row: 1 col: 37 value: -596494
pushing to K_triplets. row: 1 col: 38 value: 43191.4
pushing to K_triplets. row: 2 col: 0 value: 4237.05
pushing to K_triplets. row: 2 col: 1 value: -33246.2
pushing to K_triplets. row: 2 col: 2 value: 2.68308e+06
pushing to K_triplets. row: 2 col: 72 value: -1911.56
pushing to K_triplets. row: 2 col: 73 value: 14519.7
pushing to K_triplets. row: 2 col: 74 value: 0
pushing to K_triplets. row: 2 col: 36 value: -3021.14
pushing to K_triplets. row: 2 col: 37 value: 22947.8
pushing to K_triplets. row: 2 col: 38 value: -1661.63
pushing to K_triplets. row: 72 col: 0 value: -7736.34
pushing to K_triplets. row: 72 col: 1 value: 62493.9
pushing to K_triplets. row: 72 col: 2 value: -1911.56
pushing to K_triplets. row: 72 col: 72 value: 4260.78
pushing to K_triplets. row: 72 col: 73 value: -32363.9
pushing to K_triplets. row: 72 col: 74 value: 0
pushing to K_triplets. row: 72 col: 36 value: 4515.23
pushing to K_triplets. row: 72 col: 37 value: -34296.6
pushing to K_triplets. row: 72 col: 38 value: 2483.38
pushing to K_triplets. row: 73 col: 0 value: 58763.4
pushing to K_triplets. row: 73 col: 1 value: -474688
pushing to K_triplets. row: 73 col: 2 value: 14519.7
pushing to K_triplets. row: 73 col: 72 value: -32363.9
pushing to K_triplets. row: 73 col: 73 value: 245828
pushing to K_triplets. row: 73 col: 74 value: 0
pushing to K_triplets. row: 73 col: 36 value: -34296.6
pushing to K_triplets. row: 73 col: 37 value: 260508
pushing to K_triplets. row: 73 col: 38 value: -18863.1
pushing to K_triplets. row: 74 col: 0 value: 0
pushing to K_triplets. row: 74 col: 1 value: 0
pushing to K_triplets. row: 74 col: 2 value: 0
pushing to K_triplets. row: 74 col: 72 value: 0
pushing to K_triplets. row: 74 col: 73 value: 0
pushing to K_triplets. row: 74 col: 74 value: 0
pushing to K_triplets. row: 74 col: 36 value: 0
pushing to K_triplets. row: 74 col: 37 value: 0
pushing to K_triplets. row: 74 col: 38 value: 0
pushing to K_triplets. row: 36 col: 0 value: -10008.2
pushing to K_triplets. row: 36 col: 1 value: 78529.9
pushing to K_triplets. row: 36 col: 2 value: -3021.14
pushing to K_triplets. row: 36 col: 72 value: 4515.23
pushing to K_triplets. row: 36 col: 73 value: -34296.6
pushing to K_triplets. row: 36 col: 74 value: 0
pushing to K_triplets. row: 36 col: 36 value: 7136.14
pushing to K_triplets. row: 36 col: 37 value: -54204.3
pushing to K_triplets. row: 36 col: 38 value: 3924.87
pushing to K_triplets. row: 37 col: 0 value: 76019.9
pushing to K_triplets. row: 37 col: 1 value: -596494
pushing to K_triplets. row: 37 col: 2 value: 22947.8
pushing to K_triplets. row: 37 col: 72 value: -34296.6
pushing to K_triplets. row: 37 col: 73 value: 260508
pushing to K_triplets. row: 37 col: 74 value: 0
pushing to K_triplets. row: 37 col: 36 value: -54204.3
pushing to K_triplets. row: 37 col: 37 value: 411723
pushing to K_triplets. row: 37 col: 38 value: -29812.4
pushing to K_triplets. row: 38 col: 0 value: -5504.51
pushing to K_triplets. row: 38 col: 1 value: 43191.4
pushing to K_triplets. row: 38 col: 2 value: -1661.63
pushing to K_triplets. row: 38 col: 72 value: 2483.38
pushing to K_triplets. row: 38 col: 73 value: -18863.1
pushing to K_triplets. row: 38 col: 74 value: 0
pushing to K_triplets. row: 38 col: 36 value: 3924.87
pushing to K_triplets. row: 38 col: 37 value: -29812.4
pushing to K_triplets. row: 38 col: 38 value: 2158.68
--------------------------------------------------------------------------
faceIdx: 1
verticesIndices
 1
14
13
 2
-1
 0
local vertex:          0
 -0.997433
-0.0716051
local vertex:       0.55
 -0.997433
-0.0716051
local vertex:   0.545295
0.00514049
-0.0716051
--------------------------------------------------------------------------
vertices[0]: 0
0
1
vertices[1]:  0.545295
0.0717894
        1
vertices[2]: 0.55
   0
   0
neighborExists[0]: 1
neighborExists[1]: 0
neighborExists[2]: 1
neighborVertices[0]: 0
0
2
neighborVertices[1]: 0
0
0
neighborVertices[2]: 0
0
0

Element: 
heights[0]: 0.549994
heights[1]: 0.483159
heights[2]: 1.00257
cosine[0]: 0.477796
cosine[1]: 0.0046932
cosine[2]: 0.876219
c[0]: 0.999989
c[1]: -0.878471
c[2]: 0
s[0]: 0.0046932
s[1]: 0.477796
s[2]: -1
axes[0]: 
0.991445
0.130526
       0
axes[1]: 
0.00934634
-0.0709925
 -0.997433
axes[2]: 
 -0.130191
    0.9889
-0.0716051
area: 0.275708
--------------------------------------------------------------------------
Neighbors: 
neighbor[0]
heightArr[0]: 0.481919
heightArr[1]: 0.55
heightArr[2]: 0
cosineArr[0]: 0
cosineArr[1]: 0.481919
cosineArr[2]: 0
height: 1
normal: 
-0.130526
 0.991445
        0

neighbor[1]
heightArr[0]: 0
heightArr[1]: 0
heightArr[2]: 0
cosineArr[0]: 0
cosineArr[1]: 0
cosineArr[2]: 0
height: 0
normal: 
0
0
0

neighbor[2]
heightArr[0]: 1
heightArr[1]: 0
heightArr[2]: 0.55
cosineArr[0]: 0.876216
cosineArr[1]: 0
cosineArr[2]: 0.481919
height: 0.481919
normal: 
0
1
0

--------------------------------------------------------------------------

R: 
   0.999978    0.771711           0
2.20261e-05    0.228289           1
 0.00938629    -0.83946          -0
H: 
  -1.8182         0         0         0   -1.8182         0
        0  -2.07237         0         0         0  -2.07237
        0         0 -0.998715 -0.998715         0         0
C: 
   -0.236714      1.79802    -0.130193     0.236104     -1.79339     0.129857  0.000609444  -0.00462919  0.000335194            0            0            0            0            0            0            0            0            0
    0.207413     -1.57546     0.114077    -0.269458      2.04674    -0.148202    0.0620451    -0.471279    0.0341248            0            0            0            0            0            0            0            0            0
  0.00111094  -0.00843846  0.000611019     0.128746    -0.977923    0.0708103    -0.129857     0.986361   -0.0714213            0            0            0            0            0            0            0            0            0
    0.130526    -0.991445           -0            0           -0           -0            0            0            0    -0.130526     0.991445            0            0            0            0            0            0            0
    0.236714     -1.79802     0.130193    -0.236104      1.79339    -0.129857 -0.000609444   0.00462919 -0.000335194           -0           -0           -0           -0           -0           -0           -0           -0           -0
          -0    -0.481919           -0            0            0            0           -0     -1.59312           -0            0            0            0            0            0            0            0      2.07504            0
HC: 
           0            0            0            0            0            0            0            0            0            0            0            0            0            0            0            0            0            0
   -0.429837      4.26365     -0.23641     0.558418      -4.2416      0.30713    -0.128581       4.2782   -0.0707193            0            0            0            0            0            0            0     -4.30025            0
   -0.131468     0.998598 -0.000610234    -0.128581     0.976666   -0.0707193      0.12969    -0.985094    0.0713295     0.130358    -0.990171            0            0            0            0            0            0            0
B: 
    -0.33171      3.29031     -0.18244     0.430937     -3.27329     0.237015    -0.099227      3.30154   -0.0545749            0            0            0            0            0            0            0     -3.31855            0
   -0.229595      1.97194   -0.0545801  -0.00110002   0.00835551 -0.000605013     0.100337  -0.00842761    0.0551851     0.130358    -0.990171            0            0            0            0            0      -0.9817            0
    0.360831     -3.57916     0.198457    -0.468769      3.56065    -0.257823     0.107938     -3.59138     0.059366            0            0            0            0            0            0            0      3.60989            0
--------------------------------------------------------------------------
Bm: 
   -1.80263    -0.23732          -0     1.80263     0.23732           0          -0          -0          -0
-7.9754e-05 0.000605792  0.00851127  -0.0092426   0.0702045    0.986361  0.00932235  -0.0708103   -0.994873
 -0.0254535    0.127964     1.81351   -0.963446   -0.258155    -1.81351      0.9889    0.130191           0
Km: 
 3.16918e+07  4.15721e+06      -208484 -3.15601e+07 -4.41852e+06 -3.63989e+06      -131793       261305  3.84837e+06
 4.15721e+06       610906       878320  -4.6338e+06      -709903 -1.37899e+06       476587      98996.7       500668
     -208484       878320  1.25091e+07 -6.61303e+06 -1.77041e+06 -1.24265e+07  6.82151e+06       892090     -82576.3
-3.15601e+07  -4.6338e+06 -6.61303e+06  3.51484e+07  5.37833e+06   1.0371e+07 -3.58837e+06      -744525 -3.75793e+06
-4.41852e+06      -709903 -1.77041e+06  5.37833e+06       922261  2.95808e+06      -959807      -212359 -1.18767e+06
-3.63989e+06 -1.37899e+06 -1.24265e+07   1.0371e+07  2.95808e+06  2.19962e+07 -6.73107e+06 -1.57909e+06 -9.56967e+06
     -131793       476587  6.82151e+06 -3.58837e+06      -959807 -6.73107e+06  3.72016e+06       483219     -90445.4
      261305      98996.7       892090      -744525      -212359 -1.57909e+06       483219       113362       687001
 3.84837e+06       500668     -82576.3 -3.75793e+06 -1.18767e+06 -9.56967e+06     -90445.4       687001  9.65225e+06
Kb: 
     20557.3      -196222      9501.27     -19168.8       145602     -10542.9      1893.79      -146858      1041.58     -3282.31      24931.6            0            0            0            0            0       172547            0
     -196222  1.87784e+06     -91837.6       187758 -1.42616e+06       103267     -20780.5  1.43847e+06     -11429.3      29244.3      -222132            0            0            0            0            0 -1.66802e+06            0
     9501.27     -91837.6      4660.58     -9983.76      75834.2     -5491.07      1509.99     -76488.6      830.492     -1027.49      7804.59            0            0            0            0            0      84687.4            0
    -19168.8       187758     -9983.76      22568.4      -171424      12412.6     -4416.14       172903     -2428.87      1016.53      -7721.3            0            0            0            0            0      -181516            0
      145602 -1.42616e+06      75834.2      -171424   1.3021e+06     -94283.3      33543.9 -1.31333e+06      18449.1      -7721.3      58649.1            0            0            0            0            0  1.37875e+06            0
    -10542.9       103267     -5491.07      12412.6     -94283.3      6826.95     -2428.87      95096.9     -1335.88       559.09     -4246.71            0            0            0            0            0     -99833.7            0
     1893.79     -20780.5      1509.99     -4416.14      33543.9     -2428.87      1670.71     -33833.3      918.889      851.643     -6468.87            0            0            0            0            0      27538.8            0
     -146858  1.43847e+06     -76488.6       172903 -1.31333e+06      95096.9     -33833.3  1.32466e+06     -18608.3      7787.92     -59155.2            0            0            0            0            0 -1.39065e+06            0
     1041.58     -11429.3      830.492     -2428.87      18449.1     -1335.88      918.889     -18608.3      505.389      468.404     -3557.88            0            0            0            0            0      15146.4            0
    -3282.31      29244.3     -1027.49      1016.53      -7721.3       559.09      851.643      7787.92      468.404      1414.13     -10741.4            0            0            0            0            0     -18569.5            0
     24931.6      -222132      7804.59      -7721.3      58649.1     -4246.71     -6468.87     -59155.2     -3557.88     -10741.4      81589.2            0            0            0            0            0       141049            0
           0            0            0            0            0            0            0            0            0            0            0            0            0            0            0            0            0            0
           0            0            0            0            0            0            0            0            0            0            0            0            0            0            0            0            0            0
           0            0            0            0            0            0            0            0            0            0            0            0            0            0            0            0            0            0
           0            0            0            0            0            0            0            0            0            0            0            0            0            0            0            0            0            0
           0            0            0            0            0            0            0            0            0            0            0            0            0            0            0            0            0            0
      172547 -1.66802e+06      84687.4      -181516  1.37875e+06     -99833.7      27538.8 -1.39065e+06      15146.4     -18569.5       141049            0            0            0            0            0  1.53886e+06            0
           0            0            0            0            0            0            0            0            0            0            0            0            0            0            0            0            0            0
Ke: 
 8.74335e+06  1.09208e+06     -54861.1 -8.70664e+06 -1.17808e+06 -1.00645e+06     -35814.2        31554  1.06131e+06     -904.957      6873.83            0            0            0            0            0      47572.4            0
 1.09208e+06       686167       216839 -1.22581e+06      -588930      -351726       125669       423891       134887      8062.87     -61243.6            0            0            0            0            0      -459885            0
    -54861.1       216839  3.45013e+06 -1.82602e+06      -467208 -3.42759e+06  1.88116e+06       224868       -22538     -283.288      2151.79            0            0            0            0            0        23349            0
-8.70664e+06 -1.22581e+06 -1.82602e+06  9.69691e+06  1.43558e+06  2.86278e+06      -990558      -157600 -1.03676e+06      280.265     -2128.82            0            0            0            0            0     -50045.3            0
-1.17808e+06      -588930      -467208  1.43558e+06       613273       789571      -255378      -420645      -322363     -2128.82        16170            0            0            0            0            0       380132            0
-1.00645e+06      -351726 -3.42759e+06  2.86278e+06       789571  6.06639e+06 -1.85648e+06      -409149  -2.6388e+06      154.146     -1170.85            0            0            0            0            0     -27524.9            0
    -35814.2       125669  1.88116e+06      -990558      -255378 -1.85648e+06  1.02614e+06       123899     -24683.2      234.805     -1783.52            0            0            0            0            0      7592.67            0
       31554       423891       224868      -157600      -420645      -409149       123899       396475       184281      2147.19     -16309.5            0            0            0            0            0      -383412            0
 1.06131e+06       134887       -22538 -1.03676e+06      -322363  -2.6388e+06     -24683.2       184281  2.66134e+06      129.143     -980.935            0            0            0            0            0      4175.97            0
    -904.957      8062.87     -283.288      280.265     -2128.82      154.146      234.805      2147.19      129.143      389.888     -2961.49            0            0            0            0            0     -5119.75            0
     6873.83     -61243.6      2151.79     -2128.82        16170     -1170.85     -1783.52     -16309.5     -980.935     -2961.49      22494.8            0            0            0            0            0      38888.3            0
           0            0            0            0            0            0            0            0            0            0            0            0            0            0            0            0            0            0
           0            0            0            0            0            0            0            0            0            0            0            0            0            0            0            0            0            0
           0            0            0            0            0            0            0            0            0            0            0            0            0            0            0            0            0            0
           0            0            0            0            0            0            0            0            0            0            0            0            0            0            0            0            0            0
           0            0            0            0            0            0            0            0            0            0            0            0            0            0            0            0            0            0
     47572.4      -459885        23349     -50045.3       380132     -27524.9      7592.67      -383412      4175.97     -5119.75      38888.3            0            0            0            0            0       424276            0
           0            0            0            0            0            0            0            0            0            0            0            0            0            0            0            0            0            0
--------------------------------------------------------------------------
pushing to K_triplets. row: 0 col: 0 value: 8.74335e+06
pushing to K_triplets. row: 0 col: 1 value: 1.09208e+06
pushing to K_triplets. row: 0 col: 2 value: -54861.1
pushing to K_triplets. row: 0 col: 36 value: -8.70664e+06
pushing to K_triplets. row: 0 col: 37 value: -1.17808e+06
pushing to K_triplets. row: 0 col: 38 value: -1.00645e+06
pushing to K_triplets. row: 0 col: 3 value: -904.957
pushing to K_triplets. row: 0 col: 4 value: 6873.83
pushing to K_triplets. row: 0 col: 5 value: 0
pushing to K_triplets. row: 1 col: 0 value: 1.09208e+06
pushing to K_triplets. row: 1 col: 1 value: 686167
pushing to K_triplets. row: 1 col: 2 value: 216839
pushing to K_triplets. row: 1 col: 36 value: -1.22581e+06
pushing to K_triplets. row: 1 col: 37 value: -588930
pushing to K_triplets. row: 1 col: 38 value: -351726
pushing to K_triplets. row: 1 col: 3 value: 8062.87
pushing to K_triplets. row: 1 col: 4 value: -61243.6
pushing to K_triplets. row: 1 col: 5 value: 0
pushing to K_triplets. row: 2 col: 0 value: -54861.1
pushing to K_triplets. row: 2 col: 1 value: 216839
pushing to K_triplets. row: 2 col: 2 value: 3.45013e+06
pushing to K_triplets. row: 2 col: 36 value: -1.82602e+06
pushing to K_triplets. row: 2 col: 37 value: -467208
pushing to K_triplets. row: 2 col: 38 value: -3.42759e+06
pushing to K_triplets. row: 2 col: 3 value: -283.288
pushing to K_triplets. row: 2 col: 4 value: 2151.79
pushing to K_triplets. row: 2 col: 5 value: 0
pushing to K_triplets. row: 36 col: 0 value: -8.70664e+06
pushing to K_triplets. row: 36 col: 1 value: -1.22581e+06
pushing to K_triplets. row: 36 col: 2 value: -1.82602e+06
pushing to K_triplets. row: 36 col: 36 value: 9.69691e+06
pushing to K_triplets. row: 36 col: 37 value: 1.43558e+06
pushing to K_triplets. row: 36 col: 38 value: 2.86278e+06
pushing to K_triplets. row: 36 col: 3 value: 280.265
pushing to K_triplets. row: 36 col: 4 value: -2128.82
pushing to K_triplets. row: 36 col: 5 value: 0
pushing to K_triplets. row: 37 col: 0 value: -1.17808e+06
pushing to K_triplets. row: 37 col: 1 value: -588930
pushing to K_triplets. row: 37 col: 2 value: -467208
pushing to K_triplets. row: 37 col: 36 value: 1.43558e+06
pushing to K_triplets. row: 37 col: 37 value: 613273
pushing to K_triplets. row: 37 col: 38 value: 789571
pushing to K_triplets. row: 37 col: 3 value: -2128.82
pushing to K_triplets. row: 37 col: 4 value: 16170
pushing to K_triplets. row: 37 col: 5 value: 0
pushing to K_triplets. row: 38 col: 0 value: -1.00645e+06
pushing to K_triplets. row: 38 col: 1 value: -351726
pushing to K_triplets. row: 38 col: 2 value: -3.42759e+06
pushing to K_triplets. row: 38 col: 36 value: 2.86278e+06
pushing to K_triplets. row: 38 col: 37 value: 789571
pushing to K_triplets. row: 38 col: 38 value: 6.06639e+06
pushing to K_triplets. row: 38 col: 3 value: 154.146
pushing to K_triplets. row: 38 col: 4 value: -1170.85
pushing to K_triplets. row: 38 col: 5 value: 0
pushing to K_triplets. row: 3 col: 0 value: -904.957
pushing to K_triplets. row: 3 col: 1 value: 8062.87
pushing to K_triplets. row: 3 col: 2 value: -283.288
pushing to K_triplets. row: 3 col: 36 value: 280.265
pushing to K_triplets. row: 3 col: 37 value: -2128.82
pushing to K_triplets. row: 3 col: 38 value: 154.146
pushing to K_triplets. row: 3 col: 3 value: 389.888
pushing to K_triplets. row: 3 col: 4 value: -2961.49
pushing to K_triplets. row: 3 col: 5 value: 0
pushing to K_triplets. row: 4 col: 0 value: 6873.83
pushing to K_triplets. row: 4 col: 1 value: -61243.6
pushing to K_triplets. row: 4 col: 2 value: 2151.79
pushing to K_triplets. row: 4 col: 36 value: -2128.82
pushing to K_triplets. row: 4 col: 37 value: 16170
pushing to K_triplets. row: 4 col: 38 value: -1170.85
pushing to K_triplets. row: 4 col: 3 value: -2961.49
pushing to K_triplets. row: 4 col: 4 value: 22494.8
pushing to K_triplets. row: 4 col: 5 value: 0
pushing to K_triplets. row: 5 col: 0 value: 0
pushing to K_triplets. row: 5 col: 1 value: 0
pushing to K_triplets. row: 5 col: 2 value: 0
pushing to K_triplets. row: 5 col: 36 value: 0
pushing to K_triplets. row: 5 col: 37 value: 0
pushing to K_triplets. row: 5 col: 38 value: 0
pushing to K_triplets. row: 5 col: 3 value: 0
pushing to K_triplets. row: 5 col: 4 value: 0
pushing to K_triplets. row: 5 col: 5 value: 0
--------------------------------------------------------------------------
faceIdx: 2
verticesIndices
 1
 2
14
28
15
13
local vertex: 1
0
0
local vertex: 2
0
0
local vertex:    1
0.55
   0
--------------------------------------------------------------------------
vertices[0]: 0
0
1
vertices[1]: 0
0
2
vertices[2]:  0.545295
0.0717894
        1
neighborExists[0]: 1
neighborExists[1]: 1
neighborExists[2]: 1
neighborVertices[0]: -0.531259
 -0.14235
        2
neighborVertices[1]: 0.531259
 0.14235
       2
neighborVertices[2]: 0.55
   0
   0

Element: 
heights[0]: 0.481919
heights[1]: 1
heights[2]: 0.55
cosine[0]: 0
cosine[1]: 0.876216
cosine[2]: 0.481919
c[0]: 0.481919
c[1]: -1
c[2]: 0
s[0]: 0.876216
s[1]: -0
s[2]: -1
axes[0]: 
0
0
1
axes[1]: 
0.991445
0.130526
      -0
axes[2]: 
-0.130526
 0.991445
        0
area: 0.275
--------------------------------------------------------------------------
Neighbors: 
neighbor[0]
heightArr[0]: 1
heightArr[1]: 0.481919
heightArr[2]: 0
cosineArr[0]: 0.876216
cosineArr[1]: -0
cosineArr[2]: 0
height: 0.55
normal: 
-0.258819
 0.965926
        0

neighbor[1]
heightArr[0]: 0
heightArr[1]: 0.549994
heightArr[2]: 1.00257
