EV:
0: 0 1
1:  0 13
2:  0 26
3:  0 27
4: 1 2
5:  1 13
6:  1 14
7:  1 27
8:  1 28
9: 2 3
10:  2 14
11:  2 15
12:  2 28
13:  2 29
14: 3 4
15:  3 15
16:  3 16
17:  3 29
18:  3 30
19: 4 5
20:  4 16
21:  4 17
22:  4 30
23:  4 31
24: 5 6
25:  5 17
26:  5 18
27:  5 31
28:  5 32
29: 6 7
30:  6 18
31:  6 19
32:  6 32
33:  6 33
34: 7 8
35:  7 19
36:  7 20
37:  7 33
38:  7 34
39: 8 9
40:  8 20
41:  8 21
42:  8 34
43:  8 35
44:  9 10
45:  9 21
46:  9 22
47:  9 35
48:  9 36
49: 10 11
50: 10 22
51: 10 23
52: 10 36
53: 10 37
54: 11 12
55: 11 23
56: 11 24
57: 11 37
58: 11 38
59: 12 24
60: 12 25
61: 12 38
62: 13 14
63: 14 15
64: 15 16
65: 16 17
66: 17 18
67: 18 19
68: 19 20
69: 20 21
70: 21 22
71: 22 23
72: 23 24
73: 24 25
74: 26 27
75: 27 28
76: 28 29
77: 29 30
78: 30 31
79: 31 32
80: 32 33
81: 33 34
82: 34 35
83: 35 36
84: 36 37
85: 37 38
--------------------------------------------------------------------------
De: 
 3.0475e+07  6.7045e+06           0
 6.7045e+06  3.0475e+07           0
          0           0 1.18852e+07
--------------------------------------------------------------------------
In createDOFTranslationMap
Number of Vertices: 39
Number of Faces: 48
Number of DOF: 108
DOFTranslationMap
 -1  -1  -1
  0   1   2
  3   4   5
  6   7   8
  9  10  11
 12  13  14
 15  16  17
 18  19  20
 21  22  23
 24  25  26
 27  28  29
 30  31  32
 33  34  35
 -1  -1  -1
 36  37  38
 39  40  41
 42  43  44
 45  46  47
 48  49  50
 51  52  53
 54  55  56
 57  58  59
 60  61  62
 63  64  65
 66  67  68
 69  70  71
 -1  -1  -1
 72  73  74
 75  76  77
 78  79  80
 81  82  83
 84  85  86
 87  88  89
 90  91  92
 93  94  95
 96  97  98
 99 100 101
102 103 104
105 106 107
--------------------------------------------------------------------------
Beginnig Assembly Of Stiffness Matrix.
In calculateGlobalStiffnessMatrix
faceIdx: 0
verticesIndices
 0
 1
13
27
14
-1
setting edge idx 2 as clamped
local vertex: 0
0
0
local vertex: 0.001
    0
    0
local vertex:       0
0.00055
      0
--------------------------------------------------------------------------
vertices[0]: 0
0
0
vertices[1]:     0
    0
0.001
vertices[2]: 0.00055
      0
      0
neighborExists[0]: 1
neighborExists[1]: 1
neighborExists[2]: 0
neighborVertices[0]: -0.000531259
 -0.00014235
       0.001
neighborVertices[1]: 0.000531259
 0.00014235
      0.001
neighborVertices[2]: 0
0
0

Element: 
heights[0]: 0.000481919
heights[1]: 0.001
heights[2]: 0.00055
cosine[0]: 0
cosine[1]: 0.876216
cosine[2]: 0.481919
c[0]: 0.481919
c[1]: -1
c[2]: 0
s[0]: 0.876216
s[1]: -0
s[2]: -1
axes[0]: 
0
0
1
axes[1]: 
1
0
0
axes[2]: 
0
1
0
area: 2.75e-07
--------------------------------------------------------------------------
Neighbors: 
neighbor[0]
heightArr[0]: 0.001
heightArr[1]: 0.000481919
heightArr[2]: 0
cosineArr[0]: 0.876216
cosineArr[1]: -0
cosineArr[2]: 0
height: 0.00055
normal: 
-0.258818
 0.965926
        0

neighbor[1]
heightArr[0]: 0
heightArr[1]: 0.000549905
heightArr[2]: 0.00101008
cosineArr[0]: 0
cosineArr[1]: 0.465498
cosineArr[2]: 0.876262
height: 0.000486777
normal: 
-0.256235
 0.956286
-0.140929

neighbor[2]
heightArr[0]: 0
heightArr[1]: 0
heightArr[2]: 0
cosineArr[0]: 0
cosineArr[1]: 0
cosineArr[2]: 0
height: 0
normal: 
0
0
0

--------------------------------------------------------------------------

edge is clamped: setting row[5] = row[1]
R: 
0.232246        1        0
0.767754        0        1
 0.84453        0       -0
H: 
-2064.63        0        0        0 -2064.63        0
       0    -1000        0        0        0    -1000
       0        0 -1818.18 -1818.18        0        0
C: 
       0  2075.04        0       -0 -481.919       -0       -0 -1593.12       -0        0        0        0        0        0        0        0        0        0
      -0    -1000       -0        0     1000        0       -0       -0       -0        0        0        0        0        0        0        0        0        0
      -0 -1818.18       -0       -0       -0       -0        0  1818.18        0        0        0        0        0        0        0        0        0        0
      -0        0        0  470.579 -1756.23       -0        0        0        0 -470.579  1756.23        0        0        0        0        0        0        0
       0        0        0  408.305 -1523.82  224.568  118.087 -440.706  64.9476        0        0        0 -526.392  1964.53 -289.515        0        0        0
      -0    -1000       -0        0     1000        0       -0       -0       -0        0        0        0        0        0        0        0        0        0
HC: 
          -0 -4.28419e+06            0      -843000  4.14111e+06      -463650      -243805   4.1991e+06      -134093            0            0            0  1.08681e+06 -4.05603e+06       597743            0            0            0
           0        2e+06            0            0       -2e+06            0            0            0            0            0            0            0            0            0            0            0            0            0
           0  3.30579e+06            0      -855599  3.19315e+06            0            0 -3.30579e+06            0       855599 -3.19315e+06            0            0            0            0            0            0            0
B: 
           0  1.00501e+06            0      -195783 -1.03824e+06      -107681     -56622.7       975224     -31142.5            0            0            0       252406      -941994       138823            0            0            0
           0      16579.2            0 -1.50282e+06   6.3725e+06      -355969      -187183     -81906.4      -102950       855599 -3.19315e+06            0       834400 -3.11403e+06       458920            0            0            0
          -0 -3.61813e+06            0      -711939  3.49729e+06      -391566      -205901  3.54627e+06      -113245            0            0            0       917840 -3.42543e+06       504812            0            0            0
--------------------------------------------------------------------------
Bm: 
      -0       -0    -1000        0        0     1000       -0       -0       -0
-1818.18       -0       -0        0        0        0  1818.18        0        0
   -1000       -0 -1818.18     1000        0        0       -0       -0  1818.18
Km: 
 3.60413e+10            0  1.08159e+10 -3.80328e+09            0  -3.9008e+09  -3.2238e+10            0 -6.91505e+09
           0            0            0            0            0            0            0            0            0
 1.08159e+10            0  2.23248e+10 -6.91505e+09            0   -9.752e+09  -3.9008e+09            0 -1.25728e+10
-3.80328e+09            0 -6.91505e+09  3.80328e+09            0            0            0            0  6.91505e+09
           0            0            0            0            0            0            0            0            0
 -3.9008e+09            0   -9.752e+09            0            0    9.752e+09   3.9008e+09            0            0
 -3.2238e+10            0  -3.9008e+09            0            0   3.9008e+09   3.2238e+10            0            0
           0            0            0            0            0            0            0            0            0
-6.91505e+09            0 -1.25728e+10  6.91505e+09            0            0            0            0  1.25728e+10
Kb: 
           0            0            0            0            0            0            0            0            0            0            0            0            0            0            0            0            0            0
           0  5.09546e+08            0  3.74413e+07 -3.71775e+08  2.99004e+07  1.57228e+07 -3.36182e+08  8.64754e+06  1.69231e+07  -6.3158e+07            0 -7.00872e+07   2.6157e+08 -3.85479e+07            0            0            0
           0            0            0            0            0            0            0            0            0            0            0            0            0            0            0            0            0            0
           0  3.74413e+07            0  2.18355e+08 -8.55112e+08  5.95579e+07  3.13178e+07 -1.14123e+08  1.72248e+07 -1.10068e+08   4.1078e+08            0 -1.39605e+08  5.21014e+08 -7.67827e+07            0            0            0
           0 -3.71775e+08            0 -8.55112e+08  3.62375e+09 -2.29708e+08 -1.20789e+08  3.90152e+08 -6.64342e+07  4.37462e+08 -1.63263e+09            0   5.3844e+08 -2.00949e+09  2.96142e+08            0            0            0
           0  2.99004e+07            0  5.95579e+07 -2.29708e+08  1.78893e+07  9.40688e+06 -5.75731e+07  5.17379e+06 -2.70319e+07  1.00885e+08            0 -4.19329e+07  1.56496e+08 -2.30631e+07            0            0            0
           0  1.57228e+07            0  3.13178e+07 -1.20789e+08  9.40688e+06  4.94651e+06 -3.02742e+07  2.72058e+06 -1.42144e+07  5.30491e+07            0 -2.20499e+07  8.22917e+07 -1.21275e+07            0            0            0
           0 -3.36182e+08            0 -1.14123e+08  3.90152e+08 -5.75731e+07 -3.02742e+07  4.84928e+08 -1.66508e+07  9.44422e+06 -3.52464e+07            0  1.34953e+08 -5.03651e+08  7.42239e+07            0            0            0
           0  8.64754e+06            0  1.72248e+07 -6.64342e+07  5.17379e+06  2.72058e+06 -1.66508e+07  1.49632e+06 -7.81793e+06   2.9177e+07            0 -1.21275e+07  4.52604e+07  -6.6701e+06            0            0            0
           0  1.69231e+07            0 -1.10068e+08  4.37462e+08 -2.70319e+07 -1.42144e+07  9.44422e+06 -7.81793e+06  6.09189e+07 -2.27353e+08            0  6.33633e+07 -2.36476e+08  3.48498e+07            0            0            0
           0  -6.3158e+07            0   4.1078e+08 -1.63263e+09  1.00885e+08  5.30491e+07 -3.52464e+07   2.9177e+07 -2.27353e+08  8.48496e+08            0 -2.36476e+08  8.82542e+08 -1.30062e+08            0            0            0
           0            0            0            0            0            0            0            0            0            0            0            0            0            0            0            0            0            0
           0 -7.00872e+07            0 -1.39605e+08   5.3844e+08 -4.19329e+07 -2.20499e+07  1.34953e+08 -1.21275e+07  6.33633e+07 -2.36476e+08            0  9.82915e+07  -3.6683e+08  5.40603e+07            0            0            0
           0   2.6157e+08            0  5.21014e+08 -2.00949e+09  1.56496e+08  8.22917e+07 -5.03651e+08  4.52604e+07 -2.36476e+08  8.82542e+08            0  -3.6683e+08  1.36903e+09 -2.01756e+08            0            0            0
           0 -3.85479e+07            0 -7.67827e+07  2.96142e+08 -2.30631e+07 -1.21275e+07  7.42239e+07  -6.6701e+06  3.48498e+07 -1.30062e+08            0  5.40603e+07 -2.01756e+08  2.97332e+07            0            0            0
           0            0            0            0            0            0            0            0            0            0            0            0            0            0            0            0            0            0
           0            0            0            0            0            0            0            0            0            0            0            0            0            0            0            0            0            0
           0            0            0            0            0            0            0            0            0            0            0            0            0            0            0            0            0            0
Ke: 
 9911.35        0  2974.36  -1045.9        0 -1072.72 -8865.45        0 -1901.64        0        0        0        0        0        0        0        0        0
       0  140.125        0  10.2964 -102.238  8.22261  4.32377 -92.4502  2.37807  4.65385 -17.3684        0  -19.274  71.9316 -10.6007        0        0        0
 2974.36        0  6139.33 -1901.64        0  -2681.8 -1072.72        0 -3457.53        0        0        0        0        0        0        0        0        0
 -1045.9  10.2964 -1901.64  1105.95 -235.156  16.3784   8.6124 -31.3837  1906.38 -30.2686  112.964        0 -38.3913  143.279 -21.1152        0        0        0
       0 -102.238        0 -235.156  996.531 -63.1697 -33.2171  107.292 -18.2694  120.302 -448.974        0  148.071  -552.61  81.4391        0        0        0
-1072.72  8.22261  -2681.8  16.3784 -63.1697  2686.72  1075.31 -15.8326  1.42279 -7.43377  27.7433        0 -11.5315  43.0364 -6.34235        0        0        0
-8865.45  4.32377 -1072.72   8.6124 -33.2171  1075.31  8866.81  -8.3254 0.748159 -3.90896  14.5885        0 -6.06373  22.6302 -3.33505        0        0        0
       0 -92.4502        0 -31.3837  107.292 -15.8326  -8.3254  133.355 -4.57897  2.59716 -9.69276        0   37.112 -138.504  20.4116        0        0        0
-1901.64  2.37807 -3457.53  1906.38 -18.2694  1.42279 0.748159 -4.57897  3457.94 -2.14993  8.02367        0 -3.33505  12.4466 -1.83428        0        0        0
       0  4.65385        0 -30.2686  120.302 -7.43377 -3.90896  2.59716 -2.14993  16.7527 -62.5221        0  17.4249 -65.0308   9.5837        0        0        0
       0 -17.3684        0  112.964 -448.974  27.7433  14.5885 -9.69276  8.02367 -62.5221  233.336        0 -65.0308  242.699 -35.7669        0        0        0
       0        0        0        0        0        0        0        0        0        0        0        0        0        0        0        0        0        0
       0  -19.274        0 -38.3913  148.071 -11.5315 -6.06373   37.112 -3.33505  17.4249 -65.0308        0  27.0302 -100.878  14.8666        0        0        0
       0  71.9316        0  143.279  -552.61  43.0364  22.6302 -138.504  12.4466 -65.0308  242.699        0 -100.878  376.484  -55.483        0        0        0
       0 -10.6007        0 -21.1152  81.4391 -6.34235 -3.33505  20.4116 -1.83428   9.5837 -35.7669        0  14.8666  -55.483  8.17662        0        0        0
       0        0        0        0        0        0        0        0        0        0        0        0        0        0        0        0        0        0
       0        0        0        0        0        0        0        0        0        0        0        0        0        0        0        0        0        0
       0        0        0        0        0        0        0        0        0        0        0        0        0        0        0        0        0        0
--------------------------------------------------------------------------
pushing to K_triplets. row: 0 col: 0 value: 1105.95
pushing to K_triplets. row: 0 col: 1 value: -235.156
pushing to K_triplets. row: 0 col: 2 value: 16.3784
pushing to K_triplets. row: 0 col: 72 value: -30.2686
pushing to K_triplets. row: 0 col: 73 value: 112.964
pushing to K_triplets. row: 0 col: 74 value: 0
pushing to K_triplets. row: 0 col: 36 value: -38.3913
pushing to K_triplets. row: 0 col: 37 value: 143.279
pushing to K_triplets. row: 0 col: 38 value: -21.1152
pushing to K_triplets. row: 1 col: 0 value: -235.156
pushing to K_triplets. row: 1 col: 1 value: 996.531
pushing to K_triplets. row: 1 col: 2 value: -63.1697
pushing to K_triplets. row: 1 col: 72 value: 120.302
pushing to K_triplets. row: 1 col: 73 value: -448.974
pushing to K_triplets. row: 1 col: 74 value: 0
pushing to K_triplets. row: 1 col: 36 value: 148.071
pushing to K_triplets. row: 1 col: 37 value: -552.61
pushing to K_triplets. row: 1 col: 38 value: 81.4391
pushing to K_triplets. row: 2 col: 0 value: 16.3784
pushing to K_triplets. row: 2 col: 1 value: -63.1697
pushing to K_triplets. row: 2 col: 2 value: 2686.72
pushing to K_triplets. row: 2 col: 72 value: -7.43377
pushing to K_triplets. row: 2 col: 73 value: 27.7433
pushing to K_triplets. row: 2 col: 74 value: 0
pushing to K_triplets. row: 2 col: 36 value: -11.5315
pushing to K_triplets. row: 2 col: 37 value: 43.0364
pushing to K_triplets. row: 2 col: 38 value: -6.34235
pushing to K_triplets. row: 72 col: 0 value: -30.2686
pushing to K_triplets. row: 72 col: 1 value: 120.302
pushing to K_triplets. row: 72 col: 2 value: -7.43377
pushing to K_triplets. row: 72 col: 72 value: 16.7527
pushing to K_triplets. row: 72 col: 73 value: -62.5221
pushing to K_triplets. row: 72 col: 74 value: 0
pushing to K_triplets. row: 72 col: 36 value: 17.4249
pushing to K_triplets. row: 72 col: 37 value: -65.0308
pushing to K_triplets. row: 72 col: 38 value: 9.5837
pushing to K_triplets. row: 73 col: 0 value: 112.964
pushing to K_triplets. row: 73 col: 1 value: -448.974
pushing to K_triplets. row: 73 col: 2 value: 27.7433
pushing to K_triplets. row: 73 col: 72 value: -62.5221
pushing to K_triplets. row: 73 col: 73 value: 233.336
pushing to K_triplets. row: 73 col: 74 value: 0
pushing to K_triplets. row: 73 col: 36 value: -65.0308
pushing to K_triplets. row: 73 col: 37 value: 242.699
pushing to K_triplets. row: 73 col: 38 value: -35.7669
pushing to K_triplets. row: 74 col: 0 value: 0
pushing to K_triplets. row: 74 col: 1 value: 0
pushing to K_triplets. row: 74 col: 2 value: 0
pushing to K_triplets. row: 74 col: 72 value: 0
pushing to K_triplets. row: 74 col: 73 value: 0
pushing to K_triplets. row: 74 col: 74 value: 0
pushing to K_triplets. row: 74 col: 36 value: 0
pushing to K_triplets. row: 74 col: 37 value: 0
pushing to K_triplets. row: 74 col: 38 value: 0
pushing to K_triplets. row: 36 col: 0 value: -38.3913
pushing to K_triplets. row: 36 col: 1 value: 148.071
pushing to K_triplets. row: 36 col: 2 value: -11.5315
pushing to K_triplets. row: 36 col: 72 value: 17.4249
pushing to K_triplets. row: 36 col: 73 value: -65.0308
pushing to K_triplets. row: 36 col: 74 value: 0
pushing to K_triplets. row: 36 col: 36 value: 27.0302
pushing to K_triplets. row: 36 col: 37 value: -100.878
pushing to K_triplets. row: 36 col: 38 value: 14.8666
pushing to K_triplets. row: 37 col: 0 value: 143.279
pushing to K_triplets. row: 37 col: 1 value: -552.61
pushing to K_triplets. row: 37 col: 2 value: 43.0364
pushing to K_triplets. row: 37 col: 72 value: -65.0308
pushing to K_triplets. row: 37 col: 73 value: 242.699
pushing to K_triplets. row: 37 col: 74 value: 0
pushing to K_triplets. row: 37 col: 36 value: -100.878
pushing to K_triplets. row: 37 col: 37 value: 376.484
pushing to K_triplets. row: 37 col: 38 value: -55.483
pushing to K_triplets. row: 38 col: 0 value: -21.1152
pushing to K_triplets. row: 38 col: 1 value: 81.4391
pushing to K_triplets. row: 38 col: 2 value: -6.34235
pushing to K_triplets. row: 38 col: 72 value: 9.5837
pushing to K_triplets. row: 38 col: 73 value: -35.7669
pushing to K_triplets. row: 38 col: 74 value: 0
pushing to K_triplets. row: 38 col: 36 value: 14.8666
pushing to K_triplets. row: 38 col: 37 value: -55.483
pushing to K_triplets. row: 38 col: 38 value: 8.17662
--------------------------------------------------------------------------
faceIdx: 1
verticesIndices
 1
14
13
 2
-1
 0
local vertex:            0
 -0.00099002
-0.000140929
local vertex:      0.00055
 -0.00099002
-0.000140929
local vertex:  0.000531259
 2.00613e-05
-0.000140929
--------------------------------------------------------------------------
vertices[0]:     0
    0
0.001
vertices[1]: 0.000531259
 0.00014235
      0.001
vertices[2]: 0.00055
      0
      0
neighborExists[0]: 1
neighborExists[1]: 0
neighborExists[2]: 1
neighborVertices[0]:     0
    0
0.002
neighborVertices[1]: 0
0
0
neighborVertices[2]: 0
0
0

Element: 
heights[0]: 0.000549905
heights[1]: 0.000486777
heights[2]: 0.00101008
cosine[0]: 0.465498
cosine[1]: 0.0185501
cosine[2]: 0.876262
c[0]: 0.999828
c[1]: -0.885049
c[2]: 0
s[0]: 0.0185501
s[1]: 0.465498
s[2]: -1
axes[0]: 
0.965926
0.258818
       0
axes[1]: 
0.0364751
-0.136127
 -0.99002
axes[2]: 
-0.256235
 0.956286
-0.140929
area: 2.77772e-07
--------------------------------------------------------------------------
Neighbors: 
neighbor[0]
heightArr[0]: 0.000481919
heightArr[1]: 0.00055
heightArr[2]: 0
cosineArr[0]: 0
cosineArr[1]: 0.481919
cosineArr[2]: 0
height: 0.001
normal: 
-0.258818
 0.965926
        0

neighbor[1]
heightArr[0]: 0
heightArr[1]: 0
heightArr[2]: 0
cosineArr[0]: 0
cosineArr[1]: 0
cosineArr[2]: 0
height: 0
normal: 
0
0
0

neighbor[2]
heightArr[0]: 0.001
heightArr[1]: 0
heightArr[2]: 0.00055
cosineArr[0]: 0.876216
cosineArr[1]: 0
cosineArr[2]: 0.481919
height: 0.000481919
normal: 
0
1
0

--------------------------------------------------------------------------

R: 
   0.999656    0.783312           0
0.000344108    0.216688           1
  0.0370939   -0.823977          -0
H: 
 -1818.5        0        0        0  -1818.5        0
       0 -2064.63        0        0        0 -2064.63
       0        0 -994.985 -994.985        0        0
C: 
-465.963     1739 -256.279  461.257 -1721.44  253.691  4.70576 -17.5622  2.58817        0        0        0        0        0        0        0        0        0
 408.305 -1523.82  224.568 -526.392  1964.53 -289.515  118.087 -440.706  64.9476        0        0        0        0        0        0        0        0        0
 8.64367 -32.2587  4.75402  245.034 -914.483  134.769 -253.678  946.742 -139.523        0        0        0        0        0        0        0        0        0
 258.818 -965.926       -0        0       -0       -0        0        0        0 -258.818  965.926        0        0        0        0        0        0        0
 465.963    -1739  256.279 -461.257  1721.44 -253.691 -4.70576  17.5622 -2.58817       -0       -0       -0       -0       -0       -0       -0       -0       -0
      -0 -481.919       -0        0        0        0       -0 -1593.12       -0        0        0        0        0        0        0        0  2075.04        0
HC: 
           0            0            0            0            0            0            0            0            0            0            0            0            0            0            0            0            0            0
     -843000  4.14111e+06      -463650  1.08681e+06 -4.05603e+06       597743      -243805   4.1991e+06      -134093            0            0            0            0            0            0            0 -4.28419e+06            0
     -266121       993179     -4730.18      -243805       909897      -134093       252406      -941994       138823       257520      -961082            0            0            0            0            0            0            0
B: 
     -660332  3.24378e+06      -363183       851308 -3.17713e+06       468219      -190976  3.28921e+06      -105037            0            0            0            0            0            0            0 -3.35586e+06            0
     -448789  1.89051e+06      -105198     -8307.35      31003.5     -4569.04       199576     -32097.2       109767       257520      -961082            0            0            0            0            0      -928334            0
      694613 -3.41218e+06       382037      -895503  3.34207e+06      -492526       200890 -3.45996e+06       110489            0            0            0            0            0            0            0  3.53007e+06            0
--------------------------------------------------------------------------
Bm: 
-1756.23 -470.579       -0  1756.23  470.579        0       -0       -0       -0
-1.23043  4.59203  33.3967 -34.8806  130.177  946.742  36.1111 -134.769 -980.139
-98.9023  238.774  1800.04 -857.383 -495.009 -1800.04  956.286  256.235        0
Km: 
  3.0125e+10  7.95356e+09 -8.03325e+08 -2.96288e+10 -8.36659e+09 -2.90149e+09 -4.96206e+08  4.13027e+08  3.70481e+09
 7.95356e+09   2.3673e+09  1.60243e+09 -8.78714e+09 -2.73002e+09 -2.54809e+09  8.33584e+08   3.6272e+08  9.45655e+08
-8.03325e+08  1.60243e+09   1.2334e+10 -5.75521e+09 -3.31274e+09 -1.20148e+10  6.55853e+09   1.7103e+09 -3.19216e+08
-2.96288e+10 -8.78714e+09 -5.75521e+09  3.26233e+10  1.00846e+10  9.11486e+09 -2.99454e+09  -1.2975e+09 -3.35965e+09
-8.36659e+09 -2.73002e+09 -3.31274e+09  1.00846e+10  3.51957e+09  5.54655e+09 -1.71806e+09 -7.89552e+08 -2.23382e+09
-2.90149e+09 -2.54809e+09 -1.20148e+10  9.11486e+09  5.54655e+09   2.1064e+10 -6.21337e+09 -2.99847e+09 -9.04926e+09
-4.96206e+08  8.33584e+08  6.55853e+09 -2.99454e+09 -1.71806e+09 -6.21337e+09  3.49075e+09  8.84473e+08 -3.45161e+08
 4.13027e+08   3.6272e+08   1.7103e+09  -1.2975e+09 -7.89552e+08 -2.99847e+09  8.84473e+08  4.26832e+08  1.28816e+09
 3.70481e+09  9.45655e+08 -3.19216e+08 -3.35965e+09 -2.23382e+09 -9.04926e+09 -3.45161e+08  1.28816e+09  9.36847e+09
Kb: 
 7.95566e+07 -3.75282e+08  3.67542e+07 -7.35517e+07  2.74499e+08 -4.04534e+07  6.72588e+06 -2.84183e+08  3.69923e+06 -1.27308e+07  4.75121e+07            0            0            0            0            0  3.37453e+08            0
-3.75282e+08  1.77545e+09 -1.75711e+08  3.56634e+08 -1.33098e+09  1.96148e+08 -3.71583e+07  1.37793e+09 -2.04371e+07   5.5807e+07 -2.08275e+08            0            0            0            0            0 -1.61413e+09            0
 3.67542e+07 -1.75711e+08  1.80331e+07 -3.83439e+07  1.43102e+08 -2.10891e+07  5.55634e+06  -1.4815e+08  3.05599e+06 -3.96666e+06  1.48038e+07            0            0            0            0            0  1.65956e+08            0
-7.35517e+07  3.56634e+08 -3.83439e+07  8.60824e+07 -3.21265e+08  4.73453e+07 -1.63663e+07  3.32598e+08 -9.00145e+06  3.83556e+06 -1.43146e+07            0            0            0            0            0 -3.53652e+08            0
 2.74499e+08 -1.33098e+09  1.43102e+08 -3.21265e+08  1.19898e+09 -1.76696e+08  6.10799e+07 -1.24127e+09   3.3594e+07 -1.43146e+07  5.34228e+07            0            0            0            0            0  1.31985e+09            0
-4.04534e+07  1.96148e+08 -2.10891e+07  4.73453e+07 -1.76696e+08  2.60399e+07 -9.00145e+06  1.82929e+08  -4.9508e+06  2.10956e+06   -7.873e+06            0            0            0            0            0 -1.94508e+08            0
 6.72588e+06 -3.71583e+07  5.55634e+06 -1.63663e+07  6.10799e+07 -9.00145e+06  6.26384e+06 -6.32346e+07  3.44511e+06  3.37655e+06 -1.26015e+07            0            0            0            0            0  5.19144e+07            0
-2.84183e+08  1.37793e+09  -1.4815e+08  3.32598e+08 -1.24127e+09  1.82929e+08 -6.32346e+07  1.28506e+09  -3.4779e+07  1.48195e+07 -5.53073e+07            0            0            0            0            0 -1.36641e+09            0
 3.69923e+06 -2.04371e+07  3.05599e+06 -9.00145e+06   3.3594e+07  -4.9508e+06  3.44511e+06  -3.4779e+07  1.89481e+06   1.8571e+06 -6.93082e+06            0            0            0            0            0  2.85529e+07            0
-1.27308e+07   5.5807e+07 -3.96666e+06  3.83556e+06 -1.43146e+07  2.10956e+06  3.37655e+06  1.48195e+07   1.8571e+06  5.51868e+06 -2.05961e+07            0            0            0            0            0 -3.57159e+07            0
 4.75121e+07 -2.08275e+08  1.48038e+07 -1.43146e+07  5.34228e+07   -7.873e+06 -1.26015e+07 -5.53073e+07 -6.93082e+06 -2.05961e+07  7.68658e+07            0            0            0            0            0  1.33294e+08            0
           0            0            0            0            0            0            0            0            0            0            0            0            0            0            0            0            0            0
           0            0            0            0            0            0            0            0            0            0            0            0            0            0            0            0            0            0
           0            0            0            0            0            0            0            0            0            0            0            0            0            0            0            0            0            0
           0            0            0            0            0            0            0            0            0            0            0            0            0            0            0            0            0            0
           0            0            0            0            0            0            0            0            0            0            0            0            0            0            0            0            0            0
 3.37453e+08 -1.61413e+09  1.65956e+08 -3.53652e+08  1.31985e+09 -1.94508e+08  5.19144e+07 -1.36641e+09  2.85529e+07 -3.57159e+07  1.33294e+08            0            0            0            0            0  1.52739e+09            0
           0            0            0            0            0            0            0            0            0            0            0            0            0            0            0            0            0            0
Ke: 
 8389.98  2105.03 -212.932 -8250.48 -2247.76 -817.189 -135.964  35.7893  1030.12 -3.53626  13.1975        0        0        0        0        0  93.7351        0
 2105.03  1150.74  396.303 -2341.76 -1128.03 -653.303  221.225  483.504      257  15.5016  -57.853        0        0        0        0        0 -448.359        0
-212.932  396.303  3431.05 -1609.29 -880.436 -3343.23  1823.32  433.923 -87.8204 -1.10183  4.11209        0        0        0        0        0  46.0978        0
-8250.48 -2341.76 -1609.29  9085.77  2711.99     2545 -836.346 -268.023 -935.718  1.06541 -3.97618        0        0        0        0        0 -98.2346        0
-2247.76 -1128.03 -880.436  2711.99  1310.68   1491.6 -460.262 -564.107  -611.16 -3.97618  14.8394        0        0        0        0        0  366.618        0
-817.189 -653.303 -3343.23     2545   1491.6  5858.24  -1728.4 -782.078 -2515.01 0.585977  -2.1869        0        0        0        0        0  -54.029        0
-135.964  221.225  1823.32 -836.346 -460.262  -1728.4  971.372  228.117 -94.9191 0.937912 -3.50034        0        0        0        0        0  14.4204        0
 35.7893  483.504  433.923 -268.023 -564.107 -782.078  228.117  475.516  348.155  4.11645 -15.3628        0        0        0        0        0  -379.55        0
 1030.12      257 -87.8204 -935.718  -611.16 -2515.01 -94.9191  348.155  2602.83 0.515851 -1.92519        0        0        0        0        0  7.93121        0
-3.53626  15.5016 -1.10183  1.06541 -3.97618 0.585977 0.937912  4.11645 0.515851  1.53294 -5.72101        0        0        0        0        0 -9.92087        0
 13.1975  -57.853  4.11209 -3.97618  14.8394  -2.1869 -3.50034 -15.3628 -1.92519 -5.72101  21.3512        0        0        0        0        0  37.0253        0
       0        0        0        0        0        0        0        0        0        0        0        0        0        0        0        0        0        0
       0        0        0        0        0        0        0        0        0        0        0        0        0        0        0        0        0        0
       0        0        0        0        0        0        0        0        0        0        0        0        0        0        0        0        0        0
       0        0        0        0        0        0        0        0        0        0        0        0        0        0        0        0        0        0
       0        0        0        0        0        0        0        0        0        0        0        0        0        0        0        0        0        0
 93.7351 -448.359  46.0978 -98.2346  366.618  -54.029  14.4204  -379.55  7.93121 -9.92087  37.0253        0        0        0        0        0  424.266        0
       0        0        0        0        0        0        0        0        0        0        0        0        0        0        0        0        0        0
--------------------------------------------------------------------------
pushing to K_triplets. row: 0 col: 0 value: 8389.98
pushing to K_triplets. row: 0 col: 1 value: 2105.03
pushing to K_triplets. row: 0 col: 2 value: -212.932
pushing to K_triplets. row: 0 col: 36 value: -8250.48
pushing to K_triplets. row: 0 col: 37 value: -2247.76
pushing to K_triplets. row: 0 col: 38 value: -817.189
pushing to K_triplets. row: 0 col: 3 value: -3.53626
pushing to K_triplets. row: 0 col: 4 value: 13.1975
pushing to K_triplets. row: 0 col: 5 value: 0
pushing to K_triplets. row: 1 col: 0 value: 2105.03
pushing to K_triplets. row: 1 col: 1 value: 1150.74
pushing to K_triplets. row: 1 col: 2 value: 396.303
pushing to K_triplets. row: 1 col: 36 value: -2341.76
pushing to K_triplets. row: 1 col: 37 value: -1128.03
pushing to K_triplets. row: 1 col: 38 value: -653.303
pushing to K_triplets. row: 1 col: 3 value: 15.5016
pushing to K_triplets. row: 1 col: 4 value: -57.853
pushing to K_triplets. row: 1 col: 5 value: 0
pushing to K_triplets. row: 2 col: 0 value: -212.932
pushing to K_triplets. row: 2 col: 1 value: 396.303
pushing to K_triplets. row: 2 col: 2 value: 3431.05
pushing to K_triplets. row: 2 col: 36 value: -1609.29
pushing to K_triplets. row: 2 col: 37 value: -880.436
pushing to K_triplets. row: 2 col: 38 value: -3343.23
pushing to K_triplets. row: 2 col: 3 value: -1.10183
pushing to K_triplets. row: 2 col: 4 value: 4.11209
pushing to K_triplets. row: 2 col: 5 value: 0
pushing to K_triplets. row: 36 col: 0 value: -8250.48
pushing to K_triplets. row: 36 col: 1 value: -2341.76
pushing to K_triplets. row: 36 col: 2 value: -1609.29
pushing to K_triplets. row: 36 col: 36 value: 9085.77
pushing to K_triplets. row: 36 col: 37 value: 2711.99
pushing to K_triplets. row: 36 col: 38 value: 2545
pushing to K_triplets. row: 36 col: 3 value: 1.06541
pushing to K_triplets. row: 36 col: 4 value: -3.97618
pushing to K_triplets. row: 36 col: 5 value: 0
pushing to K_triplets. row: 37 col: 0 value: -2247.76
pushing to K_triplets. row: 37 col: 1 value: -1128.03
pushing to K_triplets. row: 37 col: 2 value: -880.436
pushing to K_triplets. row: 37 col: 36 value: 2711.99
pushing to K_triplets. row: 37 col: 37 value: 1310.68
pushing to K_triplets. row: 37 col: 38 value: 1491.6
pushing to K_triplets. row: 37 col: 3 value: -3.97618
pushing to K_triplets. row: 37 col: 4 value: 14.8394
pushing to K_triplets. row: 37 col: 5 value: 0
pushing to K_triplets. row: 38 col: 0 value: -817.189
pushing to K_triplets. row: 38 col: 1 value: -653.303
pushing to K_triplets. row: 38 col: 2 value: -3343.23
pushing to K_triplets. row: 38 col: 36 value: 2545
pushing to K_triplets. row: 38 col: 37 value: 1491.6
pushing to K_triplets. row: 38 col: 38 value: 5858.24
pushing to K_triplets. row: 38 col: 3 value: 0.585977
pushing to K_triplets. row: 38 col: 4 value: -2.1869
pushing to K_triplets. row: 38 col: 5 value: 0
pushing to K_triplets. row: 3 col: 0 value: -3.53626
pushing to K_triplets. row: 3 col: 1 value: 15.5016
pushing to K_triplets. row: 3 col: 2 value: -1.10183
pushing to K_triplets. row: 3 col: 36 value: 1.06541
pushing to K_triplets. row: 3 col: 37 value: -3.97618
pushing to K_triplets. row: 3 col: 38 value: 0.585977
pushing to K_triplets. row: 3 col: 3 value: 1.53294
pushing to K_triplets. row: 3 col: 4 value: -5.72101
pushing to K_triplets. row: 3 col: 5 value: 0
pushing to K_triplets. row: 4 col: 0 value: 13.1975
pushing to K_triplets. row: 4 col: 1 value: -57.853
pushing to K_triplets. row: 4 col: 2 value: 4.11209
pushing to K_triplets. row: 4 col: 36 value: -3.97618
pushing to K_triplets. row: 4 col: 37 value: 14.8394
pushing to K_triplets. row: 4 col: 38 value: -2.1869
pushing to K_triplets. row: 4 col: 3 value: -5.72101
pushing to K_triplets. row: 4 col: 4 value: 21.3512
pushing to K_triplets. row: 4 col: 5 value: 0
pushing to K_triplets. row: 5 col: 0 value: 0
pushing to K_triplets. row: 5 col: 1 value: 0
pushing to K_triplets. row: 5 col: 2 value: 0
pushing to K_triplets. row: 5 col: 36 value: 0
pushing to K_triplets. row: 5 col: 37 value: 0
pushing to K_triplets. row: 5 col: 38 value: 0
pushing to K_triplets. row: 5 col: 3 value: 0
pushing to K_triplets. row: 5 col: 4 value: 0
pushing to K_triplets. row: 5 col: 5 value: 0
--------------------------------------------------------------------------
faceIdx: 2
verticesIndices
 1
 2
14
28
15
13
local vertex: 0.001
    0
    0
local vertex: 0.002
    0
    0
local vertex:   0.001
0.00055
      0
--------------------------------------------------------------------------
vertices[0]:     0
    0
0.001
vertices[1]:     0
    0
0.002
vertices[2]: 0.000531259
 0.00014235
      0.001
neighborExists[0]: 1
neighborExists[1]: 1
neighborExists[2]: 1
neighborVertices[0]: -0.000476314
   -0.000275
       0.002
neighborVertices[1]: 0.000476314
   0.000275
      0.002
neighborVertices[2]: 0.00055
      0
      0

Element: 
heights[0]: 0.000481919
heights[1]: 0.001
heights[2]: 0.00055
cosine[0]: 0
cosine[1]: 0.876216
cosine[2]: 0.481919
c[0]: 0.481919
c[1]: -1
c[2]: 0
s[0]: 0.876216
s[1]: -0
s[2]: -1
axes[0]: 
0
0
1
axes[1]: 
0.965926
0.258818
      -0
axes[2]: 
-0.258818
 0.965926
        0
area: 2.75e-07
--------------------------------------------------------------------------
Neighbors: 
neighbor[0]
heightArr[0]: 0.001
heightArr[1]: 0.000481919
heightArr[2]: 0
cosineArr[0]: 0.876216
cosineArr[1]: -0
cosineArr[2]: 0
height: 0.00055
normal: 
    -0.5
0.866025
       0

neighbor[1]
heightArr[0]: 0
heightArr[1]: 0.000549905
heightArr[2]: 0.00101008
cosineArr[0]: 0
cosineArr[1]: 0.465497
cosineArr[2]: 0.876261
height: 0.000486777
normal: 
-0.49501
0.857382
-0.14093

neighbor[2]
heightArr[0]: 0.000549905
heightArr[1]: 0
heightArr[2]: 0.000486777
cosineArr[0]: 0.465498
cosineArr[1]: 0
cosineArr[2]: 0.0185501
height: 0.00101008
normal: 
-0.256235
 0.956286
-0.140929

--------------------------------------------------------------------------

R: 
0.232245        1        0
0.767755        0        1
0.844529        0       -0
H: 
-2064.63        0        0        0 -2064.63        0
       0 -994.985        0        0        0 -994.985
       0        0 -1818.18 -1818.18        0        0
C: 
-537.058  2004.33        0  124.729 -465.498       -0  412.329 -1538.84       -0        0        0        0        0        0        0        0        0        0
 258.818 -965.926       -0 -258.818  965.926        0        0       -0       -0        0        0        0        0        0        0        0        0        0
 470.579 -1756.23       -0        0       -0       -0 -470.579  1756.23        0        0        0        0        0        0        0        0        0        0
      -0        0        0  909.091 -1574.59       -0        0        0        0 -909.091  1574.59        0        0        0        0        0        0        0
       0        0        0  788.787 -1366.22  224.569  228.126 -395.126  64.9478        0        0        0 -1016.91  1761.34 -289.517        0        0        0
 8.64367 -32.2587  4.75402        0        0        0  245.034 -914.483  134.769        0        0        0        0        0        0 -253.678  946.742 -139.523
HC: 
 1.10883e+06 -4.13821e+06            0 -1.88607e+06  3.78182e+06      -463652  -1.3223e+06  3.99292e+06      -134093            0            0            0  2.09955e+06 -3.63653e+06       597745            0            0            0
     -266121       993179     -4730.18       257520      -961082            0      -243805       909897      -134093            0            0            0            0            0            0       252406      -941994       138823
     -855599  3.19315e+06            0 -1.65289e+06  2.86289e+06            0       855599 -3.19315e+06            0  1.65289e+06 -2.86289e+06            0            0            0            0            0            0            0
B: 
    -8600.42      32097.3     -4730.18      -180512     -82771.2      -107681      -550904  1.83723e+06      -165236            0            0            0       487611      -844567       138824       252406      -941994       138823
    -4291.04      16014.4            0 -3.10093e+06   5.7664e+06      -355971      -159606      -127563      -102951  1.65289e+06 -2.86289e+06            0  1.61194e+06 -2.79196e+06       458922            0            0            0
