EV:
 0  1
 0 13
 0 26
 0 27
 1  2
 1 13
 1 14
 1 27
 1 28
 2  3
 2 14
 2 15
 2 28
 2 29
 3  4
 3 15
 3 16
 3 29
 3 30
 4  5
 4 16
 4 17
 4 30
 4 31
 5  6
 5 17
 5 18
 5 31
 5 32
 6  7
 6 18
 6 19
 6 32
 6 33
 7  8
 7 19
 7 20
 7 33
 7 34
 8  9
 8 20
 8 21
 8 34
 8 35
 9 10
 9 21
 9 22
 9 35
 9 36
10 11
10 22
10 23
10 36
10 37
11 12
11 23
11 24
11 37
11 38
12 24
12 25
12 38
13 14
14 15
15 16
16 17
17 18
18 19
19 20
20 21
21 22
22 23
23 24
24 25
26 27
27 28
28 29
29 30
30 31
31 32
32 33
33 34
34 35
35 36
36 37
37 38
--------------------------------------------------------------------------
De: 
3.18681e+07 9.56044e+06           0
9.56044e+06 3.18681e+07           0
          0           0 1.11538e+07
--------------------------------------------------------------------------
In createDOFTranslationMap
Number of Vertices: 39
Number of Faces: 48
Number of DOF: 108
DOFTranslationMap
 -1  -1  -1
  0   1   2
  3   4   5
  6   7   8
  9  10  11
 12  13  14
 15  16  17
 18  19  20
 21  22  23
 24  25  26
 27  28  29
 30  31  32
 33  34  35
 -1  -1  -1
 36  37  38
 39  40  41
 42  43  44
 45  46  47
 48  49  50
 51  52  53
 54  55  56
 57  58  59
 60  61  62
 63  64  65
 66  67  68
 69  70  71
 -1  -1  -1
 72  73  74
 75  76  77
 78  79  80
 81  82  83
 84  85  86
 87  88  89
 90  91  92
 93  94  95
 96  97  98
 99 100 101
102 103 104
105 106 107
--------------------------------------------------------------------------
Beginnig Assembly Of Stiffness Matrix.
In calculateGlobalStiffnessMatrix
faceIdx: 0
verticesIndices
 0
 1
13
27
14
-1
setting edge idx 2 as clamped
rotating: 0
0
0
rotated: 0
0
0
rotating: 0
0
1
rotated: 0
0
1
rotating: 0.55
   0
   0
rotated: 0.55
   0
   0
edge is clamped: setting row[5] = row[1]
R: 
 0.342579  0.627676 0.0539381
 0.339035  0.194016  0.178308
 0.681605  0.697938  0.196138
H: 
-2.07237        0        0        0 -2.07237        0
       0       -1        0        0        0       -1
       0        0 -1.81818 -1.81818        0        0
C: 
        0   2.07504         0        -0 -0.481919        -0        -0  -1.59312        -0         0         0         0         0         0         0         0         0         0
       -0        -1        -0         0         1         0        -0        -0        -0         0         0         0         0         0         0         0         0         0
       -0  -1.81818        -0        -0        -0        -0         0   1.81818         0         0         0         0         0         0         0         0         0         0
       -0         0         0   0.23732  -1.80263        -0         0         0         0  -0.23732   1.80263         0         0         0         0         0         0         0
        0         0         0  0.207413  -1.57546  0.114077 0.0620451 -0.471279 0.0341248         0         0         0 -0.269458   2.04674 -0.148202         0         0         0
       -0        -1        -0         0         1         0        -0        -0        -0         0         0         0         0         0         0         0         0         0
HC: 
        -0   -4.30025          0  -0.429837    4.26365   -0.23641  -0.128581     4.2782 -0.0707193          0          0          0   0.558418    -4.2416    0.30713          0          0          0
         0          2          0          0         -2          0          0          0          0          0          0          0          0          0          0          0          0          0
         0    3.30579          0  -0.431492     3.2775          0          0   -3.30579          0   0.431492    -3.2775          0          0          0          0          0          0          0
B: 
         0 -0.0395155          0  -0.170527   0.382067 -0.0809892  -0.044049    1.28731 -0.0242269  0.0232738  -0.176782         -0   0.191302   -1.45308   0.105216         -0         -0         -0
         0  -0.480458          0  -0.222668     1.6419 -0.0801514 -0.0435933   0.861015 -0.0239763  0.0769382  -0.584404         -0   0.189323   -1.43805   0.104128         -0         -0         -0
         0  -0.886805          0  -0.377611    2.15309  -0.161138 -0.0876411    2.26765 -0.0482026  0.0846321  -0.642844         -0    0.38062    -2.8911   0.209341         -0         -0         -0
--------------------------------------------------------------------------
vertices[0]: 0
0
0
vertices[1]: 0
0
1
vertices[2]: 0.55
   0
   0
centroid: 0.183333
       0
0.333333
neighborExists[0]: 1
neighborExists[1]: 1
neighborExists[2]: 0
neighborVertices[0]:  -0.545295
-0.0717894
         1
neighborVertices[1]:  0.545295
0.0717894
        1
neighborVertices[2]: 0
0
0

Element: 
heights[0]: 0.481919
heights[1]: 1
heights[2]: 0.55
cosine[0]: 0
cosine[1]: 0.876216
cosine[2]: 0.481919
c[0]: 0.585302
c[1]: -0.79226
c[2]: -0.232246
s[0]: 0.582267
s[1]: -0.440473
s[2]: -0.422265
axes[0]: 
 0.876216
        0
-0.481919
axes[1]: 
-0.481919
        0
-0.876216
axes[2]: 
0
1
0
area: 0.275
--------------------------------------------------------------------------
Neighbors: 
neighbor[0]
heightArr[0]: 1
heightArr[1]: 0.481919
heightArr[2]: 0
cosineArr[0]: 0.876216
cosineArr[1]: -0
cosineArr[2]: 0
height: 0.55
normal: 
-0.130526
 0.991445
        0

neighbor[1]
heightArr[0]: 0
heightArr[1]: 0.549994
heightArr[2]: 1.00257
cosineArr[0]: 0
cosineArr[1]: 0.477796
cosineArr[2]: 0.876219
height: 0.483159
normal: 
 -0.130191
    0.9889
-0.0716051

neighbor[2]
heightArr[0]: 0
heightArr[1]: 0
heightArr[2]: 0
cosineArr[0]: 0
cosineArr[1]: 0
cosineArr[2]: 0
height: 0
normal: 
0
0
0

--------------------------------------------------------------------------

Bm: 
  -1.06419         -0   0.585302   0.694191          0  -0.381805   0.369995          0  -0.203497
  0.582267         -0    1.05867  -0.212272          0  -0.385949  -0.369995          0  -0.672719
 -0.473366         -0    1.64645 0.00414435          0  -0.906463   0.469221          0   -0.73999
Km: 
 1.20147e+07            0 -5.25155e+06 -6.87335e+06            0   3.9597e+06 -5.14138e+06            0  1.29185e+06
           0            0            0            0            0            0            0            0            0
-5.25155e+06            0  2.83899e+07  3.74439e+06            0 -1.37002e+07  1.50716e+06            0 -1.46897e+07
-6.87335e+06            0  3.74439e+06  4.47227e+06            0 -2.45254e+06  2.40109e+06            0 -1.29185e+06
           0            0            0            0            0            0            0            0            0
  3.9597e+06            0 -1.37002e+07 -2.45254e+06            0     6.84e+06 -1.50716e+06            0  6.86025e+06
-5.14138e+06            0  1.50716e+06  2.40109e+06            0 -1.50716e+06  2.74029e+06            0            0
           0            0            0            0            0            0            0            0            0
 1.29185e+06            0 -1.46897e+07 -1.29185e+06            0  6.86025e+06  4.65661e-10            0  7.82941e+06
Kb: 
       0        0        0        0        0        0        0        0        0        0        0        0        0        0        0        0        0        0
       0  45167.5        0    22464  -134602  9080.48  4938.76  -118710  2716.32 -5954.01  45225.2        0 -21448.7   162919 -11796.8        0        0        0
       0        0        0        0        0        0        0        0        0        0        0        0        0        0        0        0        0        0
       0    22464        0  13170.6 -71777.8   5435.8  2956.46 -73183.6  1626.05 -3287.36    24970        0 -12839.7  97527.4 -7061.85        0        0        0
       0  -134602        0 -71777.8   421246 -28982.8 -15763.4   378297 -8669.87  19081.7  -144940        0  68459.5  -520001  37652.7        0        0        0
       0  9080.48        0   5435.8 -28982.8  2259.62  1228.98 -30721.6  675.938  -1327.4  10082.6        0 -5337.38  40541.4 -2935.56        0        0        0
       0  4938.76        0  2956.46 -15763.4  1228.98  668.425 -16709.1  367.634 -721.955  5483.79        0 -2902.93    22050 -1596.61        0        0        0
       0  -118710        0 -73183.6   378297 -30721.6 -16709.1   423215 -9190.01    17326  -131604        0  72566.6  -551198  39911.7        0        0        0
       0  2716.32        0  1626.05 -8669.87  675.938  367.634 -9190.01  202.199 -397.075  3016.09        0 -1596.61  12127.5 -878.137        0        0        0
       0 -5954.01        0 -3287.36  19081.7  -1327.4 -721.955    17326 -397.075  873.907 -6637.98        0  3135.41 -23815.8  1724.47        0        0        0
       0  45225.2        0    24970  -144940  10082.6  5483.79  -131604  3016.09 -6637.98  50420.5        0 -23815.8   180899 -13098.7        0        0        0
       0        0        0        0        0        0        0        0        0        0        0        0        0        0        0        0        0        0
       0 -21448.7        0 -12839.7  68459.5 -5337.38 -2902.93  72566.6 -1596.61  3135.41 -23815.8        0  12607.3 -95761.6  6933.99        0        0        0
       0   162919        0  97527.4  -520001  40541.4    22050  -551198  12127.5 -23815.8   180899        0 -95761.6   727382 -52668.9        0        0        0
       0 -11796.8        0 -7061.85  37652.7 -2935.56 -1596.61  39911.7 -878.137  1724.47 -13098.7        0  6933.99 -52668.9  3813.69        0        0        0
       0        0        0        0        0        0        0        0        0        0        0        0        0        0        0        0        0        0
       0        0        0        0        0        0        0        0        0        0        0        0        0        0        0        0        0        0
       0        0        0        0        0        0        0        0        0        0        0        0        0        0        0        0        0        0
Ke: 
 3.30405e+06            0 -1.44418e+06 -1.89017e+06            0  1.08892e+06 -1.41388e+06            0       355259            0            0            0            0            0            0            0            0            0
           0      12421.1            0      6177.59     -37015.6      2497.13      1358.16     -32645.1      746.987     -1637.35      12436.9            0      -5898.4      44802.8     -3244.12            0            0            0
-1.44418e+06            0  7.80722e+06  1.02971e+06            0 -3.76757e+06       414469            0 -4.03966e+06            0            0            0            0            0            0            0            0            0
-1.89017e+06      6177.59  1.02971e+06   1.2335e+06     -19738.9      -672954       661112     -20125.5      -354812     -904.024      6866.74            0     -3530.93        26820     -1942.01            0            0            0
           0     -37015.6            0     -19738.9       115843     -7970.28     -4334.93       104032     -2384.21      5247.48     -39858.6            0      18826.4      -143000      10354.5            0            0            0
 1.08892e+06      2497.13 -3.76757e+06      -672954     -7970.28  1.88162e+06      -414131     -8448.45  1.88675e+06     -365.035      2772.71            0     -1467.78      11148.9     -807.278            0            0            0
-1.41388e+06      1358.16       414469       661112     -4334.93      -414131       753764        -4595      101.099     -198.538      1508.04            0     -798.306      6063.74     -439.068            0            0            0
           0     -32645.1            0     -20125.5       104032     -8448.45        -4595       116384     -2527.25      4764.66     -36191.2            0      19955.8      -151580      10975.7            0            0            0
      355259      746.987 -4.03966e+06      -354812     -2384.21  1.88675e+06      101.099     -2527.25  2.15314e+06     -109.196      829.424            0     -439.068      3335.06     -241.488            0            0            0
           0     -1637.35            0     -904.024      5247.48     -365.035     -198.538      4764.66     -109.196      240.324     -1825.45            0      862.237     -6549.34       474.23            0            0            0
           0      12436.9            0      6866.74     -39858.6      2772.71      1508.04     -36191.2      829.424     -1825.45      13865.6            0     -6549.34      49747.2     -3602.14            0            0            0
           0            0            0            0            0            0            0            0            0            0            0            0            0            0            0            0            0            0
           0      -5898.4            0     -3530.93      18826.4     -1467.78     -798.306      19955.8     -439.068      862.237     -6549.34            0         3467     -26334.4      1906.85            0            0            0
           0      44802.8            0        26820      -143000      11148.9      6063.74      -151580      3335.06     -6549.34      49747.2            0     -26334.4       200030     -14483.9            0            0            0
           0     -3244.12            0     -1942.01      10354.5     -807.278     -439.068      10975.7     -241.488       474.23     -3602.14            0      1906.85     -14483.9      1048.77            0            0            0
           0            0            0            0            0            0            0            0            0            0            0            0            0            0            0            0            0            0
           0            0            0            0            0            0            0            0            0            0            0            0            0            0            0            0            0            0
           0            0            0            0            0            0            0            0            0            0            0            0            0            0            0            0            0            0
--------------------------------------------------------------------------
pushing to K_triplets. row: 0 col: 0 value: 1.2335e+06
pushing to K_triplets. row: 0 col: 1 value: -19738.9
pushing to K_triplets. row: 0 col: 2 value: -672954
pushing to K_triplets. row: 0 col: 72 value: -904.024
pushing to K_triplets. row: 0 col: 73 value: 6866.74
pushing to K_triplets. row: 0 col: 74 value: 0
pushing to K_triplets. row: 0 col: 36 value: -3530.93
pushing to K_triplets. row: 0 col: 37 value: 26820
pushing to K_triplets. row: 0 col: 38 value: -1942.01
pushing to K_triplets. row: 1 col: 0 value: -19738.9
pushing to K_triplets. row: 1 col: 1 value: 115843
pushing to K_triplets. row: 1 col: 2 value: -7970.28
pushing to K_triplets. row: 1 col: 72 value: 5247.48
pushing to K_triplets. row: 1 col: 73 value: -39858.6
pushing to K_triplets. row: 1 col: 74 value: 0
pushing to K_triplets. row: 1 col: 36 value: 18826.4
pushing to K_triplets. row: 1 col: 37 value: -143000
pushing to K_triplets. row: 1 col: 38 value: 10354.5
pushing to K_triplets. row: 2 col: 0 value: -672954
pushing to K_triplets. row: 2 col: 1 value: -7970.28
pushing to K_triplets. row: 2 col: 2 value: 1.88162e+06
pushing to K_triplets. row: 2 col: 72 value: -365.035
pushing to K_triplets. row: 2 col: 73 value: 2772.71
pushing to K_triplets. row: 2 col: 74 value: 0
pushing to K_triplets. row: 2 col: 36 value: -1467.78
pushing to K_triplets. row: 2 col: 37 value: 11148.9
pushing to K_triplets. row: 2 col: 38 value: -807.278
pushing to K_triplets. row: 72 col: 0 value: -904.024
pushing to K_triplets. row: 72 col: 1 value: 5247.48
pushing to K_triplets. row: 72 col: 2 value: -365.035
pushing to K_triplets. row: 72 col: 72 value: 240.324
pushing to K_triplets. row: 72 col: 73 value: -1825.45
pushing to K_triplets. row: 72 col: 74 value: 0
pushing to K_triplets. row: 72 col: 36 value: 862.237
pushing to K_triplets. row: 72 col: 37 value: -6549.34
pushing to K_triplets. row: 72 col: 38 value: 474.23
pushing to K_triplets. row: 73 col: 0 value: 6866.74
pushing to K_triplets. row: 73 col: 1 value: -39858.6
pushing to K_triplets. row: 73 col: 2 value: 2772.71
pushing to K_triplets. row: 73 col: 72 value: -1825.45
pushing to K_triplets. row: 73 col: 73 value: 13865.6
pushing to K_triplets. row: 73 col: 74 value: 0
pushing to K_triplets. row: 73 col: 36 value: -6549.34
pushing to K_triplets. row: 73 col: 37 value: 49747.2
pushing to K_triplets. row: 73 col: 38 value: -3602.14
pushing to K_triplets. row: 74 col: 0 value: 0
pushing to K_triplets. row: 74 col: 1 value: 0
pushing to K_triplets. row: 74 col: 2 value: 0
pushing to K_triplets. row: 74 col: 72 value: 0
pushing to K_triplets. row: 74 col: 73 value: 0
pushing to K_triplets. row: 74 col: 74 value: 0
pushing to K_triplets. row: 74 col: 36 value: 0
pushing to K_triplets. row: 74 col: 37 value: 0
pushing to K_triplets. row: 74 col: 38 value: 0
pushing to K_triplets. row: 36 col: 0 value: -3530.93
pushing to K_triplets. row: 36 col: 1 value: 18826.4
pushing to K_triplets. row: 36 col: 2 value: -1467.78
pushing to K_triplets. row: 36 col: 72 value: 862.237
pushing to K_triplets. row: 36 col: 73 value: -6549.34
pushing to K_triplets. row: 36 col: 74 value: 0
pushing to K_triplets. row: 36 col: 36 value: 3467
pushing to K_triplets. row: 36 col: 37 value: -26334.4
pushing to K_triplets. row: 36 col: 38 value: 1906.85
pushing to K_triplets. row: 37 col: 0 value: 26820
pushing to K_triplets. row: 37 col: 1 value: -143000
pushing to K_triplets. row: 37 col: 2 value: 11148.9
pushing to K_triplets. row: 37 col: 72 value: -6549.34
pushing to K_triplets. row: 37 col: 73 value: 49747.2
pushing to K_triplets. row: 37 col: 74 value: 0
pushing to K_triplets. row: 37 col: 36 value: -26334.4
pushing to K_triplets. row: 37 col: 37 value: 200030
pushing to K_triplets. row: 37 col: 38 value: -14483.9
pushing to K_triplets. row: 38 col: 0 value: -1942.01
pushing to K_triplets. row: 38 col: 1 value: 10354.5
pushing to K_triplets. row: 38 col: 2 value: -807.278
pushing to K_triplets. row: 38 col: 72 value: 474.23
pushing to K_triplets. row: 38 col: 73 value: -3602.14
pushing to K_triplets. row: 38 col: 74 value: 0
pushing to K_triplets. row: 38 col: 36 value: 1906.85
pushing to K_triplets. row: 38 col: 37 value: -14483.9
pushing to K_triplets. row: 38 col: 38 value: 1048.77
--------------------------------------------------------------------------
faceIdx: 1
verticesIndices
 1
14
13
 2
-1
 0
rotating: 0
0
1
rotated: 0
0
1
rotating:  0.545295
0.0717894
        1
rotated:  0.545295
0.0717894
        1
rotating: 0.55
   0
   0
rotated: 0.55
   0
   0
R: 
  0.246186   0.165524 0.00362902
  0.393326   0.798458   0.505448
 -0.622355  -0.727086  0.0856571
H: 
  -1.8182         0         0         0   -1.8182         0
        0  -2.07237         0         0         0  -2.07237
        0         0 -0.998715 -0.998715         0         0
C: 
   -0.236714      1.79802    -0.130193     0.236104     -1.79339     0.129857  0.000609444  -0.00462919  0.000335194            0            0            0            0            0            0            0            0            0
    0.207413     -1.57546     0.114077    -0.269458      2.04674    -0.148202    0.0620451    -0.471279    0.0341248            0            0            0            0            0            0            0            0            0
  0.00111094  -0.00843846  0.000611019     0.128746    -0.977923    0.0708103    -0.129857     0.986361   -0.0714213            0            0            0            0            0            0            0            0            0
    0.130526    -0.991445           -0            0           -0           -0            0            0            0    -0.130526     0.991445            0            0            0            0            0            0            0
    0.236714     -1.79802     0.130193    -0.236104      1.79339    -0.129857 -0.000609444   0.00462919 -0.000335194           -0           -0           -0           -0           -0           -0           -0           -0           -0
          -0    -0.481919           -0            0            0            0           -0     -1.59312           -0            0            0            0            0            0            0            0      2.07504            0
HC: 
           0            0            0            0            0            0            0            0            0            0            0            0            0            0            0            0            0            0
   -0.429837      4.26365     -0.23641     0.558418      -4.2416      0.30713    -0.128581       4.2782   -0.0707193            0            0            0            0            0            0            0     -4.30025            0
   -0.131468     0.998598 -0.000610234    -0.128581     0.976666   -0.0707193      0.12969    -0.985094    0.0713295     0.130358    -0.990171            0            0            0            0            0            0            0
B: 
 -0.0716252    0.709358  -0.0391337   0.0919646   -0.698541   0.0505805  -0.0208125    0.704568  -0.0114468 0.000473074 -0.00359335           0           0           0           0           0   -0.711793           0
  -0.409657     3.90909   -0.189072    0.380882    -2.89309    0.209485  -0.0371146     2.91805   -0.020413   0.0658895    -0.50048           0           0           0           0           0    -3.43357           0
   0.301267    -3.01451    0.171838   -0.417032     3.16767   -0.229367    0.104598      -3.195   0.0575289   0.0111661  -0.0848151           0           0           0           0           0     3.12665           0
--------------------------------------------------------------------------
vertices[0]: 0
0
1
vertices[1]:  0.545295
0.0717894
        1
vertices[2]: 0.55
   0
   0
centroid:  0.365098
0.0239298
 0.666667
neighborExists[0]: 1
neighborExists[1]: 0
neighborExists[2]: 1
neighborVertices[0]: 0
0
2
neighborVertices[1]: 0
0
0
neighborVertices[2]: 0
0
0

Element: 
heights[0]: 0.549994
heights[1]: 0.483159
heights[2]: 1.00257
cosine[0]: 0.477796
cosine[1]: 0.0046932
cosine[2]: 0.876219
c[0]: 0.496172
c[1]: -0.406846
c[2]: -0.0602414
s[0]: -0.627157
s[1]: 0.893565
s[2]: -0.710949
axes[0]: 
-0.662524
-0.140498
-0.735746
axes[1]: 
 -0.737639
-0.0483474
  0.673462
axes[2]: 
 -0.130191
    0.9889
-0.0716051
area: 0.275708
--------------------------------------------------------------------------
Neighbors: 
neighbor[0]
heightArr[0]: 0.481919
heightArr[1]: 0.55
heightArr[2]: 0
cosineArr[0]: 0
cosineArr[1]: 0.481919
cosineArr[2]: 0
height: 1
normal: 
-0.130526
 0.991445
        0

neighbor[1]
heightArr[0]: 0
heightArr[1]: 0
heightArr[2]: 0
cosineArr[0]: 0
cosineArr[1]: 0
cosineArr[2]: 0
height: 0
normal: 
0
0
0

neighbor[2]
heightArr[0]: 1
heightArr[1]: 0
heightArr[2]: 0.55
cosineArr[0]: 0.876216
cosineArr[1]: 0
cosineArr[2]: 0.481919
height: 0.481919
normal: 
0
1
0

--------------------------------------------------------------------------

Bm: 
    0.59769    0.126748    0.663746   -0.557881   -0.118306   -0.619537  -0.0398089 -0.00844204  -0.0442085
  -0.841129  -0.0551305    0.767947     1.36421   0.0894148    -1.24552   -0.523078  -0.0342843    0.477568
 -0.0900213   -0.116593    -1.44653    0.604156    0.219128      1.9278   -0.514134   -0.102535   -0.481269
Km: 
 7.81077e+06       855931  -2.3806e+06 -1.13661e+07 -1.09053e+06  5.60482e+06  3.55531e+06       234603 -3.22423e+06
      855931       200589  1.21398e+06 -1.11639e+06      -239751 -1.28127e+06       260462      39162.4      67284.5
 -2.3806e+06  1.21398e+06   2.1094e+07   5.2477e+06 -1.32828e+06 -2.78855e+07 -2.86711e+06       114300  6.79146e+06
-1.13661e+07 -1.11639e+06   5.2477e+06  1.87987e+07  1.74315e+06 -1.01057e+07 -7.43258e+06      -626755    4.858e+06
-1.09053e+06      -239751 -1.32828e+06  1.74315e+06       330923  1.40084e+06      -652613     -91171.8     -72554.4
 5.60482e+06 -1.28127e+06 -2.78855e+07 -1.01057e+07  1.40084e+06  3.77202e+07  4.50088e+06      -119570 -9.83474e+06
 3.55531e+06       260462 -2.86711e+06 -7.43258e+06      -652613  4.50088e+06  3.87726e+06       392152 -1.63377e+06
      234603      39162.4       114300      -626755     -91171.8      -119570       392152      52009.3      5269.91
-3.22423e+06      67284.5  6.79146e+06    4.858e+06     -72554.4 -9.83474e+06 -1.63377e+06      5269.91  3.04328e+06
Kb: 
     19346.6      -186332      9332.95     -19673.6       149436     -10820.5      2704.57      -150725      1487.51     -2377.64        18060            0            0            0            0            0       169562            0
     -186332  1.79511e+06     -90005.3       189971 -1.44297e+06       104484       -26325  1.45542e+06     -14478.7      22686.3      -172320            0            0            0            0            0 -1.63525e+06            0
     9332.95     -90005.3      4529.82     -9605.66      72962.2     -5283.11      1369.62     -73591.8      753.292     -1096.92      8331.93            0            0            0            0            0        82303            0
    -19673.6       189971     -9605.66      20486.2      -155608      11267.4     -3021.35       156951     -1661.74      2208.75     -16777.1            0            0            0            0            0      -174537            0
      149436 -1.44297e+06      72962.2      -155608  1.18196e+06     -85584.4      22949.4 -1.19216e+06      12622.2     -16777.1       127435            0            0            0            0            0  1.32574e+06            0
    -10820.5       104484     -5283.11      11267.4     -85584.4      6197.07     -1661.74      86322.9     -913.957      1214.81     -9227.41            0            0            0            0            0     -95995.2            0
     2704.57       -26325      1369.62     -3021.35      22949.4     -1661.74      531.124     -23147.4      292.118     -214.349      1628.15            0            0            0            0            0      24894.9            0
     -150725  1.45542e+06     -73591.8       156951 -1.19216e+06      86322.9     -23147.4  1.20245e+06     -12731.1      16921.9      -128534            0            0            0            0            0 -1.33718e+06            0
     1487.51     -14478.7      753.292     -1661.74      12622.2     -913.957      292.118     -12731.1      160.665     -117.892       895.48            0            0            0            0            0      13692.2            0
    -2377.64      22686.3     -1096.92      2208.75     -16777.1      1214.81     -214.349      16921.9     -117.892       383.24        -2911            0            0            0            0            0     -19920.1            0
       18060      -172320      8331.93     -16777.1       127435     -9227.41      1628.15      -128534       895.48        -2911      22111.2            0            0            0            0            0       151308            0
           0            0            0            0            0            0            0            0            0            0            0            0            0            0            0            0            0            0
           0            0            0            0            0            0            0            0            0            0            0            0            0            0            0            0            0            0
           0            0            0            0            0            0            0            0            0            0            0            0            0            0            0            0            0            0
           0            0            0            0            0            0            0            0            0            0            0            0            0            0            0            0            0            0
           0            0            0            0            0            0            0            0            0            0            0            0            0            0            0            0            0            0
      169562 -1.63525e+06        82303      -174537  1.32574e+06     -95995.2      24894.9 -1.33718e+06      13692.2     -19920.1       151308            0            0            0            0            0  1.49538e+06            0
           0            0            0            0            0            0            0            0            0            0            0            0            0            0            0            0            0            0
Ke: 
 2.15882e+06       184613      -653776 -3.13914e+06      -259468  1.54231e+06       980973      23125.8      -888534     -655.534      4979.27            0            0            0            0            0      46749.5            0
      184613       550231       309890      -255422      -463940      -324449      64553.3       412069        14559       6254.8     -47509.9            0            0            0            0            0      -450850            0
     -653776       309890  5.81704e+06  1.44418e+06      -346102  -7.6897e+06      -790106      11223.6  1.87267e+06     -302.429      2297.18            0            0            0            0            0      22691.6            0
-3.13914e+06      -255422  1.44418e+06  5.18858e+06       437697 -2.78311e+06 -2.05005e+06      -129529  1.33893e+06      608.969     -4625.58            0            0            0            0            0     -48121.1            0
     -259468      -463940      -346102       437697       417113       362626      -173603      -353824     -16523.8     -4625.58      35134.8            0            0            0            0            0       365516            0
 1.54231e+06      -324449  -7.6897e+06 -2.78311e+06       362626  1.04015e+07  1.24047e+06      -9166.5 -2.71177e+06      334.933     -2544.07            0            0            0            0            0     -26466.6            0
      980973      64553.3      -790106 -2.05005e+06      -173603  1.24047e+06  1.06914e+06       101737      -450364     -59.0978      448.892            0            0            0            0            0      6863.71            0
     23125.8       412069      11223.6      -129529      -353824      -9166.5       101737       345863      -2057.1      4665.49     -35437.9            0            0            0            0            0      -368670            0
     -888534        14559  1.87267e+06  1.33893e+06     -16523.8 -2.71177e+06      -450364      -2057.1       839100     -32.5038      246.891            0            0            0            0            0      3775.04            0
    -655.534       6254.8     -302.429      608.969     -4625.58      334.933     -59.0978      4665.49     -32.5038      105.662     -802.585            0            0            0            0            0     -5492.12            0
     4979.27     -47509.9      2297.18     -4625.58      35134.8     -2544.07      448.892     -35437.9      246.891     -802.585      6096.24            0            0            0            0            0      41716.8            0
           0            0            0            0            0            0            0            0            0            0            0            0            0            0            0            0            0            0
           0            0            0            0            0            0            0            0            0            0            0            0            0            0            0            0            0            0
           0            0            0            0            0            0            0            0            0            0            0            0            0            0            0            0            0            0
           0            0            0            0            0            0            0            0            0            0            0            0            0            0            0            0            0            0
           0            0            0            0            0            0            0            0            0            0            0            0            0            0            0            0            0            0
     46749.5      -450850      22691.6     -48121.1       365516     -26466.6      6863.71      -368670      3775.04     -5492.12      41716.8            0            0            0            0            0       412287            0
           0            0            0            0            0            0            0            0            0            0            0            0            0            0            0            0            0            0
--------------------------------------------------------------------------
pushing to K_triplets. row: 0 col: 0 value: 2.15882e+06
pushing to K_triplets. row: 0 col: 1 value: 184613
pushing to K_triplets. row: 0 col: 2 value: -653776
pushing to K_triplets. row: 0 col: 36 value: -3.13914e+06
pushing to K_triplets. row: 0 col: 37 value: -259468
pushing to K_triplets. row: 0 col: 38 value: 1.54231e+06
pushing to K_triplets. row: 0 col: 3 value: -655.534
pushing to K_triplets. row: 0 col: 4 value: 4979.27
pushing to K_triplets. row: 0 col: 5 value: 0
pushing to K_triplets. row: 1 col: 0 value: 184613
pushing to K_triplets. row: 1 col: 1 value: 550231
pushing to K_triplets. row: 1 col: 2 value: 309890
pushing to K_triplets. row: 1 col: 36 value: -255422
pushing to K_triplets. row: 1 col: 37 value: -463940
pushing to K_triplets. row: 1 col: 38 value: -324449
pushing to K_triplets. row: 1 col: 3 value: 6254.8
pushing to K_triplets. row: 1 col: 4 value: -47509.9
pushing to K_triplets. row: 1 col: 5 value: 0
pushing to K_triplets. row: 2 col: 0 value: -653776
pushing to K_triplets. row: 2 col: 1 value: 309890
pushing to K_triplets. row: 2 col: 2 value: 5.81704e+06
pushing to K_triplets. row: 2 col: 36 value: 1.44418e+06
pushing to K_triplets. row: 2 col: 37 value: -346102
pushing to K_triplets. row: 2 col: 38 value: -7.6897e+06
pushing to K_triplets. row: 2 col: 3 value: -302.429
pushing to K_triplets. row: 2 col: 4 value: 2297.18
pushing to K_triplets. row: 2 col: 5 value: 0
pushing to K_triplets. row: 36 col: 0 value: -3.13914e+06
pushing to K_triplets. row: 36 col: 1 value: -255422
pushing to K_triplets. row: 36 col: 2 value: 1.44418e+06
pushing to K_triplets. row: 36 col: 36 value: 5.18858e+06
pushing to K_triplets. row: 36 col: 37 value: 437697
pushing to K_triplets. row: 36 col: 38 value: -2.78311e+06
pushing to K_triplets. row: 36 col: 3 value: 608.969
pushing to K_triplets. row: 36 col: 4 value: -4625.58
pushing to K_triplets. row: 36 col: 5 value: 0
pushing to K_triplets. row: 37 col: 0 value: -259468
pushing to K_triplets. row: 37 col: 1 value: -463940
pushing to K_triplets. row: 37 col: 2 value: -346102
pushing to K_triplets. row: 37 col: 36 value: 437697
pushing to K_triplets. row: 37 col: 37 value: 417113
pushing to K_triplets. row: 37 col: 38 value: 362626
pushing to K_triplets. row: 37 col: 3 value: -4625.58
pushing to K_triplets. row: 37 col: 4 value: 35134.8
pushing to K_triplets. row: 37 col: 5 value: 0
pushing to K_triplets. row: 38 col: 0 value: 1.54231e+06
pushing to K_triplets. row: 38 col: 1 value: -324449
pushing to K_triplets. row: 38 col: 2 value: -7.6897e+06
pushing to K_triplets. row: 38 col: 36 value: -2.78311e+06
pushing to K_triplets. row: 38 col: 37 value: 362626
pushing to K_triplets. row: 38 col: 38 value: 1.04015e+07
pushing to K_triplets. row: 38 col: 3 value: 334.933
pushing to K_triplets. row: 38 col: 4 value: -2544.07
pushing to K_triplets. row: 38 col: 5 value: 0
pushing to K_triplets. row: 3 col: 0 value: -655.534
pushing to K_triplets. row: 3 col: 1 value: 6254.8
pushing to K_triplets. row: 3 col: 2 value: -302.429
pushing to K_triplets. row: 3 col: 36 value: 608.969
pushing to K_triplets. row: 3 col: 37 value: -4625.58
pushing to K_triplets. row: 3 col: 38 value: 334.933
pushing to K_triplets. row: 3 col: 3 value: 105.662
pushing to K_triplets. row: 3 col: 4 value: -802.585
pushing to K_triplets. row: 3 col: 5 value: 0
pushing to K_triplets. row: 4 col: 0 value: 4979.27
pushing to K_triplets. row: 4 col: 1 value: -47509.9
pushing to K_triplets. row: 4 col: 2 value: 2297.18
pushing to K_triplets. row: 4 col: 36 value: -4625.58
pushing to K_triplets. row: 4 col: 37 value: 35134.8
pushing to K_triplets. row: 4 col: 38 value: -2544.07
pushing to K_triplets. row: 4 col: 3 value: -802.585
pushing to K_triplets. row: 4 col: 4 value: 6096.24
pushing to K_triplets. row: 4 col: 5 value: 0
pushing to K_triplets. row: 5 col: 0 value: 0
pushing to K_triplets. row: 5 col: 1 value: 0
pushing to K_triplets. row: 5 col: 2 value: 0
pushing to K_triplets. row: 5 col: 36 value: 0
pushing to K_triplets. row: 5 col: 37 value: 0
pushing to K_triplets. row: 5 col: 38 value: 0
pushing to K_triplets. row: 5 col: 3 value: 0
pushing to K_triplets. row: 5 col: 4 value: 0
pushing to K_triplets. row: 5 col: 5 value: 0
--------------------------------------------------------------------------
faceIdx: 2
verticesIndices
 1
 2
14
28
15
13
rotating: 0
0
1
rotated: 0
0
1
rotating: 0
0
2
rotated: 0
0
2
rotating:  0.545295
0.0717894
        1
rotated:  0.545295
0.0717894
        1
R: 
 0.333926  0.775543 0.0306748
 0.210219  0.138693  0.101404
 0.529897  0.655934  0.111545
H: 
 -2.07237         0         0         0  -2.07237         0
        0 -0.998715         0         0         0 -0.998715
        0         0  -1.81818  -1.81818         0         0
C: 
  -0.270847     2.05729           0    0.062903   -0.477796          -0    0.207944    -1.57949          -0           0           0           0           0           0           0           0           0           0
   0.130526   -0.991445          -0   -0.130526    0.991445           0           0          -0          -0           0           0           0           0           0           0           0           0           0
    0.23732    -1.80263          -0           0          -0          -0    -0.23732     1.80263           0           0           0           0           0           0           0           0           0           0
         -0           0           0     0.47058    -1.75623          -0           0           0           0    -0.47058     1.75623           0           0           0           0           0           0           0
          0           0           0    0.411277    -1.53491    0.114077    0.123029   -0.459149   0.0341248           0           0           0   -0.534306     1.99406   -0.148202           0           0           0
 0.00111094 -0.00843846 0.000611019           0           0           0    0.128746   -0.977923   0.0708103           0           0           0           0           0           0   -0.129857    0.986361  -0.0714213
HC: 
    0.561295     -4.26346            0    -0.982678      4.17107     -0.23641    -0.685898      4.22482   -0.0707193            0            0            0      1.10728     -4.13243      0.30713            0            0            0
   -0.131468     0.998598 -0.000610234     0.130358    -0.990171            0    -0.128581     0.976666   -0.0707193            0            0            0            0            0            0      0.12969    -0.985094    0.0713295
   -0.431492       3.2775            0      -0.8556      3.19314            0     0.431492      -3.2775            0       0.8556     -3.19314            0            0            0            0            0            0            0
B: 
