EV:
0: 0 1
1:  0 13
2: 1 2
3:  1 13
4:  1 14
5: 2 3
6:  2 14
7:  2 15
8: 3 4
9:  3 15
10:  3 16
11: 4 5
12:  4 16
13:  4 17
14: 5 6
15:  5 17
16:  5 18
17: 6 7
18:  6 18
19:  6 19
20: 7 8
21:  7 19
22:  7 20
23: 8 9
24:  8 20
25:  8 21
26:  9 10
27:  9 21
28:  9 22
29: 10 11
30: 10 22
31: 10 23
32: 11 12
33: 11 23
34: 11 24
35: 12 24
36: 12 25
37: 13 14
38: 13 26
39: 14 15
40: 14 26
41: 14 27
42: 15 16
43: 15 27
44: 15 28
45: 16 17
46: 16 28
47: 16 29
48: 17 18
49: 17 29
50: 17 30
51: 18 19
52: 18 30
53: 18 31
54: 19 20
55: 19 31
56: 19 32
57: 20 21
58: 20 32
59: 20 33
60: 21 22
61: 21 33
62: 21 34
63: 22 23
64: 22 34
65: 22 35
66: 23 24
67: 23 35
68: 23 36
69: 24 25
70: 24 36
71: 24 37
72: 25 37
73: 25 38
74: 26 27
75: 27 28
76: 28 29
77: 29 30
78: 30 31
79: 31 32
80: 32 33
81: 33 34
82: 34 35
83: 35 36
84: 36 37
85: 37 38
--------------------------------------------------------------------------
De: 
 3.0475e+07  6.7045e+06           0
 6.7045e+06  3.0475e+07           0
          0           0 1.18852e+07
--------------------------------------------------------------------------
In createDOFTranslationMap
Number of Vertices: 39
Number of Faces: 48
Number of DOF: 108
DOFTranslationMap
 -1  -1  -1
  0   1   2
  3   4   5
  6   7   8
  9  10  11
 12  13  14
 15  16  17
 18  19  20
 21  22  23
 24  25  26
 27  28  29
 30  31  32
 33  34  35
 -1  -1  -1
 36  37  38
 39  40  41
 42  43  44
 45  46  47
 48  49  50
 51  52  53
 54  55  56
 57  58  59
 60  61  62
 63  64  65
 66  67  68
 69  70  71
 -1  -1  -1
 72  73  74
 75  76  77
 78  79  80
 81  82  83
 84  85  86
 87  88  89
 90  91  92
 93  94  95
 96  97  98
 99 100 101
102 103 104
105 106 107
--------------------------------------------------------------------------
Beginnig Assembly Of Stiffness Matrix.
In calculateGlobalStiffnessMatrix
faceIdx: 0
verticesIndices
 0
 1
13
-1
14
-1
setting edge idx 2 as clamped
rotation matrix: 
   0.999988           0 -0.00499994
          0           1           0
 0.00499994          -0    0.999988
rotated: 0
0
0
rotated: 1.00001
      0
      0
rotated:    0
0.55
   0
--------------------------------------------------------------------------
vertices[0]: 0
0
0
vertices[1]:      1
     0
-0.005
vertices[2]:    0
0.55
   0
neighborExists[0]: 0
neighborExists[1]: 1
neighborExists[2]: 0
neighborVertices[0]: 0
0
0
neighborVertices[1]:    1
0.55
   0
neighborVertices[2]: 0
0
0

Element: 
heights[0]: 0.48192
heights[1]: 1.00001
heights[2]: 0.55
cosine[0]: 0
cosine[1]: 0.876218
cosine[2]: 0.481914
c[0]: 0.481914
c[1]: -1
c[2]: 0
s[0]: 0.876218
s[1]: -0
s[2]: -1
axes[0]: 
   0.999988
          0
-0.00499994
axes[1]: 
0
1
0
axes[2]: 
0.00499994
        -0
  0.999988
area: 0.275003
--------------------------------------------------------------------------
Neighbors: 
neighbor[0]
heightArr[0]: 0
heightArr[1]: 0
heightArr[2]: 0
cosineArr[0]: 0
cosineArr[1]: 0
cosineArr[2]: 0
height: 0
normal: 
0
0
0

neighbor[1]
heightArr[0]: 0
heightArr[1]: 0.550023
heightArr[2]: 1
cosineArr[0]: 0
cosineArr[1]: 0.481934
cosineArr[2]: 0.876207
height: 0.481934
normal: 
          0
-0.00909053
   0.999959

neighbor[2]
heightArr[0]: 0
heightArr[1]: 0
heightArr[2]: 0
cosineArr[0]: 0
cosineArr[1]: 0
cosineArr[2]: 0
height: 0
normal: 
0
0
0

--------------------------------------------------------------------------

edge is clamped: setting row[5] = row[1]
R: 
0.232241        1        0
0.767759        0        1
0.844524        0       -0
H: 
   -2.075         0         0         0    -2.075         0
        0 -0.999988         0         0         0 -0.999988
        0         0  -1.81818  -1.81818         0         0
C: 
   0.010375          -0     2.07501 -0.00240951           0   -0.481902 -0.00796552           0     -1.5931           0           0           0           0           0           0           0           0           0
-0.00499988           0   -0.999975  0.00499988          -0    0.999975          -0           0          -0           0           0           0           0           0           0           0           0           0
 -0.0090908           0    -1.81816          -0           0          -0   0.0090908          -0     1.81816           0           0           0           0           0           0           0           0           0
  0.0090908          -0     1.81816           0          -0           0  -0.0090908           0    -1.81816          -0          -0          -0          -0          -0          -0          -0          -0          -0
          0           0           0          -0   0.0144816    -1.59297          -0  0.00438104   -0.481914           0           0           0           0  -0.0188626     2.07489           0           0           0
-0.00499988           0   -0.999975  0.00499988          -0    0.999975          -0           0          -0           0           0           0           0           0           0           0           0           0
HC: 
 -0.0215282           0    -4.30564  0.00499974  -0.0300493     4.30537   0.0165285 -0.00909066     4.30567           0           0           0           0     0.03914     -4.3054           0           0           0
 0.00999963           0     1.99993 -0.00999963           0    -1.99993           0           0           0           0           0           0           0           0           0           0           0           0
          0           0           0           0           0           0           0           0           0           0           0           0           0           0           0           0           0           0
B: 
 0.00499988           0    0.999977 -0.00883848 -0.00697869    -1.00004  0.00383859 -0.00211123    0.999954           0           0           0           0  0.00908991    -0.99989           0           0           0
 -0.0165285           0     -3.3057  0.00383859  -0.0230706     3.30549   0.0126899 -0.00697944     3.30572           0           0           0           0   0.0300501    -3.30551           0           0           0
 -0.0181811           0    -3.63622   0.0042224  -0.0253774     3.63599   0.0139587 -0.00767729     3.63624           0           0           0           0   0.0330546    -3.63601           0           0           0
--------------------------------------------------------------------------
Bm: 
  -0.999975          -0  0.00499988    0.999975           0 -0.00499988          -0          -0           0
         -0    -1.81818          -0           0           0           0           0     1.81818           0
   -1.81816   -0.999988   0.0090908           0    0.999988          -0     1.81816          -0  -0.0090908
Km: 
  2.2324e+07  1.08156e+07      -111620 -9.75151e+06 -6.91488e+06      48757.5 -1.25725e+07  -3.9007e+06      62862.5
 1.08156e+07  3.60412e+07     -54077.9  -3.9007e+06 -3.80318e+06      19503.5 -6.91488e+06  -3.2238e+07      34574.4
     -111620     -54077.9        558.1      48757.5      34574.4     -243.788      62862.5      19503.5     -314.313
-9.75151e+06  -3.9007e+06      48757.5  9.75151e+06            0     -48757.5            0   3.9007e+06            0
-6.91488e+06 -3.80318e+06      34574.4            0  3.80318e+06            0  6.91488e+06            0     -34574.4
     48757.5      19503.5     -243.788     -48757.5            0      243.788            0     -19503.5            0
-1.25725e+07 -6.91488e+06      62862.5            0  6.91488e+06            0  1.25725e+07            0     -62862.5
 -3.9007e+06  -3.2238e+07      19503.5   3.9007e+06            0     -19503.5            0   3.2238e+07            0
     62862.5      34574.4     -314.313            0     -34574.4            0     -62862.5            0      314.313
Kb: 
     32.5165            0       6503.3     -8.42286       43.803      -6502.9     -24.0936      13.2515     -6276.39            0            0            0            0     -57.0545      6275.99            0            0            0
           0            0            0            0            0            0            0            0            0            0            0            0            0            0            0            0            0            0
      6503.3            0  1.30066e+06     -1684.57       8760.6 -1.30058e+06     -4818.73       2650.3 -1.25528e+06            0            0            0            0     -11410.9   1.2552e+06            0            0            0
    -8.42286            0     -1684.57      7.06335     -2.47163      1684.55      1.35951     -0.74773      354.152            0            0            0            0      3.21936      -354.13            0            0            0
      43.803            0       8760.6     -2.47163      75.1417     -8759.91     -41.3313      22.7322     -10766.8            0            0            0            0     -97.8739      10766.1            0            0            0
     -6502.9            0 -1.30058e+06      1684.55     -8759.91   1.3005e+06      4818.35     -2650.09  1.25518e+06            0            0            0            0        11410  -1.2551e+06            0            0            0
    -24.0936            0     -4818.73      1.35951     -41.3313      4818.35      22.7341     -12.5038      5922.24            0            0            0            0      53.8351     -5921.86            0            0            0
     13.2515            0       2650.3     -0.74773      22.7322     -2650.09     -12.5038      6.87707     -3257.23            0            0            0            0     -29.6093      3257.02            0            0            0
    -6276.39            0 -1.25528e+06      354.152     -10766.8  1.25518e+06      5922.24     -3257.23  1.54274e+06            0            0            0            0        14024 -1.54265e+06            0            0            0
           0            0            0            0            0            0            0            0            0            0            0            0            0            0            0            0            0            0
           0            0            0            0            0            0            0            0            0            0            0            0            0            0            0            0            0            0
           0            0            0            0            0            0            0            0            0            0            0            0            0            0            0            0            0            0
           0            0            0            0            0            0            0            0            0            0            0            0            0            0            0            0            0            0
    -57.0545            0     -11410.9      3.21936     -97.8739        11410      53.8351     -29.6093        14024            0            0            0            0      127.483     -14023.2            0            0            0
     6275.99            0   1.2552e+06      -354.13      10766.1  -1.2551e+06     -5921.86      3257.02 -1.54265e+06            0            0            0            0     -14023.2  1.54255e+06            0            0            0
           0            0            0            0            0            0            0            0            0            0            0            0            0            0            0            0            0            0
           0            0            0            0            0            0            0            0            0            0            0            0            0            0            0            0            0            0
           0            0            0            0            0            0            0            0            0            0            0            0            0            0            0            0            0            0
Ke: 
 6.13919e+06  2.97432e+06     -28907.5  -2.6817e+06  -1.9016e+06      11620.2 -3.45749e+06  -1.0727e+06      15561.4            0            0            0            0     -15.6902      1725.92            0            0            0
 2.97432e+06  9.91145e+06     -14871.6 -1.07271e+06 -1.04589e+06      5363.53 -1.90162e+06 -8.86556e+06      9508.08            0            0            0            0            0            0            0            0            0
    -28907.5     -14871.6       357839      12945.2      11917.3      -357731      15962.2      6092.37      -345292            0            0            0            0     -3138.04       345184            0            0            0
 -2.6817e+06 -1.07271e+06      12945.2   2.6817e+06    -0.679707     -12945.2      0.37387  1.07271e+06       97.393            0            0            0            0     0.885335     -97.3869            0            0            0
 -1.9016e+06 -1.04589e+06      11917.3    -0.679707  1.04591e+06     -2409.01   1.9016e+06      6.25144       -12469            0            0            0            0     -26.9157      2960.72            0            0            0
     11620.2      5363.53      -357731     -12945.2     -2409.01       357709      1325.06     -6092.32       345179            0            0            0            0      3137.79      -345157            0            0            0
-3.45749e+06 -1.90162e+06      15962.2      0.37387   1.9016e+06      1325.06  3.45749e+06     -3.43858     -15658.8            0            0            0            0      14.8048     -1628.53            0            0            0
 -1.0727e+06 -8.86556e+06      6092.37  1.07271e+06      6.25144     -6092.32     -3.43858  8.86556e+06      -895.75            0            0            0            0     -8.14266      895.693            0            0            0
     15561.4      9508.08      -345292       97.393       -12469       345179     -15658.8      -895.75       424346            0            0            0            0      3856.66      -424233            0            0            0
           0            0            0            0            0            0            0            0            0            0            0            0            0            0            0            0            0            0
           0            0            0            0            0            0            0            0            0            0            0            0            0            0            0            0            0            0
           0            0            0            0            0            0            0            0            0            0            0            0            0            0            0            0            0            0
           0            0            0            0            0            0            0            0            0            0            0            0            0            0            0            0            0            0
    -15.6902            0     -3138.04     0.885335     -26.9157      3137.79      14.8048     -8.14266      3856.66            0            0            0            0      35.0583     -3856.42            0            0            0
     1725.92            0       345184     -97.3869      2960.72      -345157     -1628.53      895.693      -424233            0            0            0            0     -3856.42       424206            0            0            0
           0            0            0            0            0            0            0            0            0            0            0            0            0            0            0            0            0            0
           0            0            0            0            0            0            0            0            0            0            0            0            0            0            0            0            0            0
           0            0            0            0            0            0            0            0            0            0            0            0            0            0            0            0            0            0
--------------------------------------------------------------------------
pushing to K_triplets. row: 0 col: 0 value: 2.6817e+06
pushing to K_triplets. row: 0 col: 1 value: -0.679707
pushing to K_triplets. row: 0 col: 2 value: -12945.2
pushing to K_triplets. row: 0 col: 36 value: 0
pushing to K_triplets. row: 0 col: 37 value: 0.885335
pushing to K_triplets. row: 0 col: 38 value: -97.3869
pushing to K_triplets. row: 1 col: 0 value: -0.679707
pushing to K_triplets. row: 1 col: 1 value: 1.04591e+06
pushing to K_triplets. row: 1 col: 2 value: -2409.01
pushing to K_triplets. row: 1 col: 36 value: 0
pushing to K_triplets. row: 1 col: 37 value: -26.9157
pushing to K_triplets. row: 1 col: 38 value: 2960.72
pushing to K_triplets. row: 2 col: 0 value: -12945.2
pushing to K_triplets. row: 2 col: 1 value: -2409.01
pushing to K_triplets. row: 2 col: 2 value: 357709
pushing to K_triplets. row: 2 col: 36 value: 0
pushing to K_triplets. row: 2 col: 37 value: 3137.79
pushing to K_triplets. row: 2 col: 38 value: -345157
pushing to K_triplets. row: 36 col: 0 value: 0
pushing to K_triplets. row: 36 col: 1 value: 0
pushing to K_triplets. row: 36 col: 2 value: 0
pushing to K_triplets. row: 36 col: 36 value: 0
pushing to K_triplets. row: 36 col: 37 value: 0
pushing to K_triplets. row: 36 col: 38 value: 0
pushing to K_triplets. row: 37 col: 0 value: 0.885335
pushing to K_triplets. row: 37 col: 1 value: -26.9157
pushing to K_triplets. row: 37 col: 2 value: 3137.79
pushing to K_triplets. row: 37 col: 36 value: 0
pushing to K_triplets. row: 37 col: 37 value: 35.0583
pushing to K_triplets. row: 37 col: 38 value: -3856.42
pushing to K_triplets. row: 38 col: 0 value: -97.3869
pushing to K_triplets. row: 38 col: 1 value: 2960.72
pushing to K_triplets. row: 38 col: 2 value: -345157
pushing to K_triplets. row: 38 col: 36 value: 0
pushing to K_triplets. row: 38 col: 37 value: -3856.42
pushing to K_triplets. row: 38 col: 38 value: 424206
--------------------------------------------------------------------------
faceIdx: 1
verticesIndices
 1
14
13
 2
26
 0
rotation matrix: 
          0    0.999959  0.00909053
         -1           0           0
          0 -0.00909053    0.999959
rotated: -4.54527e-05
          -1
 -0.00499979
rotated:    0.549977
         -1
-0.00499979
rotated:    0.549977
          0
-0.00499979
--------------------------------------------------------------------------
vertices[0]:      1
     0
-0.005
vertices[1]:    1
0.55
   0
vertices[2]:    0
0.55
   0
neighborExists[0]: 1
neighborExists[1]: 1
neighborExists[2]: 1
neighborVertices[0]:     2
    0
-0.01
neighborVertices[1]:   0
1.1
  0
neighborVertices[2]: 0
0
0

Element: 
heights[0]: 0.550023
heights[1]: 0.481934
heights[2]: 1
cosine[0]: 0.481934
cosine[1]: -0
cosine[2]: 0.876207
c[0]: 1
c[1]: -0.876207
c[2]: 0
s[0]: -0
s[1]: 0.481934
s[2]: -1
axes[0]: 
         0
  0.999959
0.00909053
axes[1]: 
-1
 0
 0
axes[2]: 
          0
-0.00909053
   0.999959
area: 0.275011
--------------------------------------------------------------------------
Neighbors: 
neighbor[0]
heightArr[0]: 0.481926
heightArr[1]: 0.550023
heightArr[2]: 0
cosineArr[0]: -4.54521e-05
cosineArr[1]: 0.48196
cosineArr[2]: 0
height: 1.00001
normal: 
 0.00499973
-0.00909042
   0.999946

neighbor[1]
heightArr[0]: 0
heightArr[1]: 1
heightArr[2]: 0.481919
cosineArr[0]: 0
cosineArr[1]: 0.876216
cosineArr[2]: 0
height: 0.55
normal: 
0
0
1

neighbor[2]
heightArr[0]: 1.00001
heightArr[1]: 0
heightArr[2]: 0.55
cosineArr[0]: 0.876218
cosineArr[1]: 0
cosineArr[2]: 0.481914
height: 0.48192
normal: 
0.00499994
        -0
  0.999988

--------------------------------------------------------------------------

R: 
        1   0.76774         0
        0   0.23226         1
       -0 -0.844548        -0
H: 
 -1.81814         0         0         0  -1.81814         0
        0    -2.075         0         0         0    -2.075
        0         0 -0.999994 -0.999994         0         0
C: 
           0   -0.0165276      1.81803           -0    0.0165276     -1.81803            0           -0            0            0            0            0            0            0            0            0            0            0
          -0    0.0144816     -1.59297            0   -0.0188626      2.07489           -0   0.00438104    -0.481914            0            0            0            0            0            0            0            0            0
           0           -0            0           -0   0.00909053    -0.999959            0  -0.00909053     0.999959            0            0            0            0            0            0            0            0            0
 -0.00500008   0.00909106     -1.00002  4.13162e-07 -7.51203e-07  8.26323e-05            0            0            0   0.00499967  -0.00909031     0.999934            0            0            0            0            0            0
           0            0            0           -0           -0           -0           -0           -0     -1.81818            0            0            0            0            0      1.81818            0            0            0
 -0.00240951            0    -0.481902            0            0            0  -0.00796552            0      -1.5931            0            0            0            0            0            0     0.010375           -0      2.07501
HC: 
           0    0.0300495     -3.30544            0   -0.0300495      3.30544            0            0      3.30572            0            0            0            0            0     -3.30572            0            0            0
  0.00499974   -0.0300493      4.30537            0      0.03914      -4.3054    0.0165285  -0.00909066      4.30567            0            0            0            0            0            0   -0.0215282            0     -4.30564
  0.00500005    -0.009091      1.00001 -4.13159e-07  -0.00908973      0.99987            0   0.00909048    -0.999952  -0.00499964   0.00909025    -0.999927            0            0            0            0            0            0
B: 
   0.0038385   0.00697945 -3.98508e-05            0 -1.87803e-07  2.06583e-05    0.0126896  -0.00697926      6.61135            0            0            0            0            0     -3.30572   -0.0165281            0     -3.30561
  0.00616129   -0.0160703      1.99998 -4.13159e-07  9.39007e-07 -0.000103291   0.00383891   0.00697908  8.41068e-05  -0.00499964   0.00909025    -0.999927            0            0            0  -0.00500015            0     -1.00003
 -0.00422252    0.0253781     -3.63609            0   -0.0330556      3.63612   -0.0139591   0.00767751     -3.63635            0            0            0            0            0            0    0.0181816            0      3.63633
--------------------------------------------------------------------------
Bm: 
         -0    -1.81803  -0.0165276           0     1.81803   0.0165276          -0          -0          -0
         -0           0           0           1          -0          -0          -1           0           0
    1.81811          -0          -0    -1.81811   -0.999959 -0.00909053           0    0.999959  0.00909053
Km: 
 1.25718e+07            0            0 -1.25718e+07 -6.91448e+06     -62858.9            0  6.91448e+06      62858.9
           0  3.22327e+07       293024 -3.90048e+06 -3.22327e+07      -293024  3.90048e+06            0            0
           0       293024      2663.86     -35458.9      -293024     -2663.86      35458.9            0            0
-1.25718e+07 -3.90048e+06     -35458.9  2.23238e+07   1.0815e+07      98317.8   -9.752e+06 -6.91448e+06     -62858.9
-6.91448e+06 -3.22327e+07      -293024   1.0815e+07  3.60356e+07       327597 -3.90048e+06 -3.80296e+06     -34572.4
    -62858.9      -293024     -2663.86      98317.8       327597      2978.15     -35458.9     -34572.4     -314.295
           0  3.90048e+06      35458.9   -9.752e+06 -3.90048e+06     -35458.9    9.752e+06            0            0
 6.91448e+06            0            0 -6.91448e+06 -3.80296e+06     -34572.4            0  3.80296e+06      34572.4
     62858.9            0            0     -62858.9     -34572.4     -314.295            0      34572.4      314.295
Kb: 
     5.82979     -9.83006      1664.26 -0.000240871      4.53042     -498.346      9.63583  3.08882e-05      3355.99     -2.91478       5.2996     -582.956            0            0     -1428.82     -12.5506            0     -2510.12
    -9.83006      42.3403     -5413.89  0.000499733      -27.227      2994.97     -12.5037     -4.11825     -1100.33      6.04727      -10.995      1209.45            0            0     -947.415       16.286            0      3257.21
     1664.26     -5413.89       761946   -0.0687627      3900.98      -429108      2750.79   0.00617744       671186     -832.097       1512.9      -166419            0            0      -121028     -3582.88            0      -716577
-0.000240871  0.000499733   -0.0687627  1.42052e-08 -3.08643e-08  3.39507e-06 -0.000227973 -0.000187162   -0.0500112  0.000171897  -0.00031254    0.0343794            0            0    0.0250045  0.000296933            0    0.0593866
     4.53042      -27.227      3900.98 -3.08643e-08      35.4623     -3900.85      14.9757     -8.23598      3901.11 -0.000373488   0.00067907   -0.0746977            0            0  -0.00516579     -19.5058            0     -3901.16
    -498.346      2994.97      -429108  3.39507e-06     -3900.85       429094     -1647.33      905.957      -429122    0.0410837   -0.0746977      8.21675            0            0     0.568237      2145.64            0       429127
     9.63583     -12.5037      2750.79 -0.000227973      14.9757     -1647.33      22.7341     -7.48782      9093.61      -2.7587      5.01582      -551.74            0            0     -3723.13      -29.611            0      -5922.2
 3.08882e-05     -4.11825   0.00617744 -0.000187162     -8.23598      905.957     -7.48782      8.23632     -3901.12     -2.26485      4.11791      -452.97            0            0      1497.56      9.75283            0      1950.57
     3355.99     -1100.33       671186   -0.0500112      3901.11      -429122      9093.61     -3901.12  4.06658e+06     -605.186      1100.34      -121037            0            0 -1.81873e+06     -11844.4            0 -2.36887e+06
    -2.91478      6.04727     -832.097  0.000171897 -0.000373488    0.0410837      -2.7587     -2.26485     -605.186      2.08012     -3.78204      416.025            0            0      302.579      3.59319            0      718.638
      5.2996      -10.995       1512.9  -0.00031254   0.00067907   -0.0746977      5.01582      4.11791      1100.34     -3.78204      6.87644     -756.409            0            0     -550.144     -6.53307            0     -1306.61
    -582.956      1209.45      -166419    0.0343794   -0.0746977      8.21675      -551.74      -452.97      -121037      416.025     -756.409        83205            0            0      60515.8      718.638            0       143728
           0            0            0            0            0            0            0            0            0            0            0            0            0            0            0            0            0            0
           0            0            0            0            0            0            0            0            0            0            0            0            0            0            0            0            0            0
    -1428.82     -947.415      -121028    0.0250045  -0.00516579     0.568237     -3723.13      1497.56 -1.81873e+06      302.579     -550.144      60515.8            0            0       909376      4849.35            0       969870
    -12.5506       16.286     -3582.88  0.000296933     -19.5058      2145.64      -29.611      9.75283     -11844.4      3.59319     -6.53307      718.638            0            0      4849.35      38.5681            0      7713.63
           0            0            0            0            0            0            0            0            0            0            0            0            0            0            0            0            0            0
    -2510.12      3257.21      -716577    0.0593866     -3901.16       429127      -5922.2      1950.57 -2.36887e+06      718.638     -1306.61       143728            0            0       969870      7713.63            0  1.54273e+06
Ke: 
 3.45738e+06     -2.70338       457.69 -3.45738e+06 -1.90156e+06       -17424      2.64996  1.90156e+06      18209.9    -0.801598      1.45745      -160.32            0            0     -392.943     -3.45156            0     -690.311
    -2.70338  8.86436e+06      79096.1 -1.07268e+06 -8.86436e+06     -79761.4  1.07267e+06     -1.13257     -302.602      1.66307     -3.02376      332.614            0            0      -260.55      4.47884            0      895.768
      457.69      79096.1       210277     -9751.61     -79512.2      -118742      10508.1   0.00169887       184584     -228.836      416.066     -45767.2            0            0     -33284.1     -985.334            0      -197067
-3.45738e+06 -1.07268e+06     -9751.61  6.13929e+06  2.97424e+06      27038.5 -2.68191e+06 -1.90156e+06     -17286.9  4.72736e-05  -8.5952e-05   0.00945472            0            0   0.00687652    8.166e-05            0     0.016332
-1.90156e+06 -8.86436e+06     -79512.2  2.97424e+06  9.91022e+06        89020 -1.07267e+06 -1.04586e+06     -8434.95 -0.000102714  0.000186752   -0.0205427            0            0  -0.00142065     -5.36431            0     -1072.86
      -17424     -79761.4      -118742      27038.5        89020       118825     -10204.6     -9258.66      -118100    0.0112985   -0.0205427       2.2597            0            0     0.156272      590.074            0       118015
     2.64996  1.07267e+06      10508.1 -2.68191e+06 -1.07267e+06     -10204.6  2.68192e+06     -2.05924      2500.85    -0.758674      1.37941     -151.735            0            0      -1023.9     -8.14337            0     -1628.67
 1.90156e+06     -1.13257   0.00169887 -1.90156e+06 -1.04586e+06     -9258.66     -2.05924  1.04586e+06      8434.95     -0.62286      1.13247     -124.572            0            0      411.847      2.68214            0      536.428
     18209.9     -302.602       184584     -17286.9     -8434.95      -118100      2500.85      8434.95  1.11844e+06     -166.433      302.605     -33286.6            0            0      -500173     -3257.33            0      -651467
   -0.801598      1.66307     -228.836  4.72736e-05 -0.000102714    0.0112985    -0.758674     -0.62286     -166.433     0.572058      -1.0401      114.412            0            0      83.2127     0.988167            0      197.633
     1.45745     -3.02376      416.066  -8.5952e-05  0.000186752   -0.0205427      1.37941      1.13247      302.605      -1.0401       1.8911     -208.021            0            0     -151.296     -1.79667            0     -359.334
     -160.32      332.614     -45767.2   0.00945472   -0.0205427       2.2597     -151.735     -124.572     -33286.6      114.412     -208.021      22882.3            0            0      16642.5      197.633            0      39526.7
           0            0            0            0            0            0            0            0            0            0            0            0            0            0            0            0            0            0
           0            0            0            0            0            0            0            0            0            0            0            0            0            0            0            0            0            0
    -392.943      -260.55     -33284.1   0.00687652  -0.00142065     0.156272      -1023.9      411.847      -500173      83.2127     -151.296      16642.5            0            0       250089      1333.63            0       266725
    -3.45156      4.47884     -985.334    8.166e-05     -5.36431      590.074     -8.14337      2.68214     -3257.33     0.988167     -1.79667      197.633            0            0      1333.63      10.6067            0      2121.33
           0            0            0            0            0            0            0            0            0            0            0            0            0            0            0            0            0            0
    -690.311      895.768      -197067     0.016332     -1072.86       118015     -1628.67      536.428      -651467      197.633     -359.334      39526.7            0            0       266725      2121.33            0       424267
--------------------------------------------------------------------------
pushing to K_triplets. row: 0 col: 0 value: 3.45738e+06
pushing to K_triplets. row: 0 col: 1 value: -2.70338
pushing to K_triplets. row: 0 col: 2 value: 457.69
pushing to K_triplets. row: 0 col: 36 value: -3.45738e+06
pushing to K_triplets. row: 0 col: 37 value: -1.90156e+06
pushing to K_triplets. row: 0 col: 38 value: -17424
pushing to K_triplets. row: 0 col: 3 value: -0.801598
pushing to K_triplets. row: 0 col: 4 value: 1.45745
pushing to K_triplets. row: 0 col: 5 value: -160.32
pushing to K_triplets. row: 1 col: 0 value: -2.70338
pushing to K_triplets. row: 1 col: 1 value: 8.86436e+06
pushing to K_triplets. row: 1 col: 2 value: 79096.1
pushing to K_triplets. row: 1 col: 36 value: -1.07268e+06
pushing to K_triplets. row: 1 col: 37 value: -8.86436e+06
pushing to K_triplets. row: 1 col: 38 value: -79761.4
pushing to K_triplets. row: 1 col: 3 value: 1.66307
pushing to K_triplets. row: 1 col: 4 value: -3.02376
pushing to K_triplets. row: 1 col: 5 value: 332.614
pushing to K_triplets. row: 2 col: 0 value: 457.69
pushing to K_triplets. row: 2 col: 1 value: 79096.1
pushing to K_triplets. row: 2 col: 2 value: 210277
pushing to K_triplets. row: 2 col: 36 value: -9751.61
pushing to K_triplets. row: 2 col: 37 value: -79512.2
pushing to K_triplets. row: 2 col: 38 value: -118742
pushing to K_triplets. row: 2 col: 3 value: -228.836
pushing to K_triplets. row: 2 col: 4 value: 416.066
pushing to K_triplets. row: 2 col: 5 value: -45767.2
pushing to K_triplets. row: 36 col: 0 value: -3.45738e+06
pushing to K_triplets. row: 36 col: 1 value: -1.07268e+06
pushing to K_triplets. row: 36 col: 2 value: -9751.61
pushing to K_triplets. row: 36 col: 36 value: 6.13929e+06
pushing to K_triplets. row: 36 col: 37 value: 2.97424e+06
pushing to K_triplets. row: 36 col: 38 value: 27038.5
pushing to K_triplets. row: 36 col: 3 value: 4.72736e-05
pushing to K_triplets. row: 36 col: 4 value: -8.5952e-05
pushing to K_triplets. row: 36 col: 5 value: 0.00945472
pushing to K_triplets. row: 37 col: 0 value: -1.90156e+06
pushing to K_triplets. row: 37 col: 1 value: -8.86436e+06
pushing to K_triplets. row: 37 col: 2 value: -79512.2
pushing to K_triplets. row: 37 col: 36 value: 2.97424e+06
pushing to K_triplets. row: 37 col: 37 value: 9.91022e+06
pushing to K_triplets. row: 37 col: 38 value: 89020
pushing to K_triplets. row: 37 col: 3 value: -0.000102714
pushing to K_triplets. row: 37 col: 4 value: 0.000186752
pushing to K_triplets. row: 37 col: 5 value: -0.0205427
pushing to K_triplets. row: 38 col: 0 value: -17424
pushing to K_triplets. row: 38 col: 1 value: -79761.4
pushing to K_triplets. row: 38 col: 2 value: -118742
pushing to K_triplets. row: 38 col: 36 value: 27038.5
pushing to K_triplets. row: 38 col: 37 value: 89020
pushing to K_triplets. row: 38 col: 38 value: 118825
pushing to K_triplets. row: 38 col: 3 value: 0.0112985
pushing to K_triplets. row: 38 col: 4 value: -0.0205427
pushing to K_triplets. row: 38 col: 5 value: 2.2597
pushing to K_triplets. row: 3 col: 0 value: -0.801598
pushing to K_triplets. row: 3 col: 1 value: 1.66307
pushing to K_triplets. row: 3 col: 2 value: -228.836
pushing to K_triplets. row: 3 col: 36 value: 4.72736e-05
pushing to K_triplets. row: 3 col: 37 value: -0.000102714
pushing to K_triplets. row: 3 col: 38 value: 0.0112985
pushing to K_triplets. row: 3 col: 3 value: 0.572058
pushing to K_triplets. row: 3 col: 4 value: -1.0401
pushing to K_triplets. row: 3 col: 5 value: 114.412
pushing to K_triplets. row: 4 col: 0 value: 1.45745
pushing to K_triplets. row: 4 col: 1 value: -3.02376
pushing to K_triplets. row: 4 col: 2 value: 416.066
pushing to K_triplets. row: 4 col: 36 value: -8.5952e-05
pushing to K_triplets. row: 4 col: 37 value: 0.000186752
pushing to K_triplets. row: 4 col: 38 value: -0.0205427
pushing to K_triplets. row: 4 col: 3 value: -1.0401
pushing to K_triplets. row: 4 col: 4 value: 1.8911
pushing to K_triplets. row: 4 col: 5 value: -208.021
pushing to K_triplets. row: 5 col: 0 value: -160.32
pushing to K_triplets. row: 5 col: 1 value: 332.614
pushing to K_triplets. row: 5 col: 2 value: -45767.2
pushing to K_triplets. row: 5 col: 36 value: 0.00945472
pushing to K_triplets. row: 5 col: 37 value: -0.0205427
pushing to K_triplets. row: 5 col: 38 value: 2.2597
pushing to K_triplets. row: 5 col: 3 value: 114.412
pushing to K_triplets. row: 5 col: 4 value: -208.021
pushing to K_triplets. row: 5 col: 5 value: 22882.3
--------------------------------------------------------------------------
faceIdx: 2
verticesIndices
 1
 2
14
-1
15
13
rotation matrix: 
   0.999988           0 -0.00499994
4.54515e-05    0.999959  0.00909031
 0.00499973 -0.00909042    0.999946
rotated:     1.00001
6.77626e-21
          0
rotated:     2.00002
1.35525e-20
          0
rotated: 0.999988
0.550023
       0
--------------------------------------------------------------------------
vertices[0]:      1
     0
-0.005
vertices[1]:     2
    0
-0.01
vertices[2]:    1
0.55
   0
neighborExists[0]: 0
neighborExists[1]: 1
neighborExists[2]: 1
neighborVertices[0]: 0
0
0
neighborVertices[1]:    2
0.55
   0
neighborVertices[2]:    0
0.55
   0

Element: 
heights[0]: 0.481926
heights[1]: 1.00001
heights[2]: 0.550023
cosine[0]: -4.54521e-05
cosine[1]: 0.876215
cosine[2]: 0.48196
c[0]: 0.48192
c[1]: -1
c[2]: 6.77618e-21
s[0]: 0.876215
s[1]: -4.54521e-05
s[2]: -1
axes[0]: 
   0.999988
          0
-0.00499994
axes[1]: 
4.54515e-05
   0.999959
 0.00909031
axes[2]: 
 0.00499973
-0.00909042
   0.999946
area: 0.275015
--------------------------------------------------------------------------
Neighbors: 
neighbor[0]
heightArr[0]: 0
heightArr[1]: 0
heightArr[2]: 0
cosineArr[0]: 0
cosineArr[1]: 0
cosineArr[2]: 0
height: 0
normal: 
0
0
0

neighbor[1]
heightArr[0]: 0
heightArr[1]: 0.550091
heightArr[2]: 1
cosineArr[0]: 0
cosineArr[1]: 0.48198
cosineArr[2]: 0.876182
height: 0.48198
normal: 
         0
-0.0181788
  0.999835

neighbor[2]
heightArr[0]: 0.550023
heightArr[1]: 0
heightArr[2]: 0.481934
cosineArr[0]: 0.481934
cosineArr[1]: 0
cosineArr[2]: -0
height: 1
normal: 
          0
-0.00909053
   0.999959

--------------------------------------------------------------------------

R: 
    0.232247            1  4.59166e-41
    0.767753  2.06589e-09            1
    0.844531  9.09042e-05 -1.35524e-20
H: 
 -2.07489         0         0         0  -2.07489         0
        0 -0.999994         0         0         0 -0.999994
        0         0  -1.81811  -1.81811         0         0
C: 
   0.0103745   -0.0188627      2.07489  -0.00240964   0.00438116    -0.481928  -0.00796483    0.0144815     -1.59297            0            0            0            0            0            0            0            0            0
 -0.00500008   0.00909106     -1.00002   0.00499967  -0.00909031     0.999934  4.13162e-07 -7.51203e-07  8.26323e-05            0            0            0            0            0            0            0            0            0
