EV:
0: 0 1
1:  0 13
2: 1 2
3:  1 13
4:  1 14
5: 2 3
6:  2 14
7:  2 15
8: 3 4
9:  3 15
10:  3 16
11: 4 5
12:  4 16
13:  4 17
14: 5 6
15:  5 17
16:  5 18
17: 6 7
18:  6 18
19:  6 19
20: 7 8
21:  7 19
22:  7 20
23: 8 9
24:  8 20
25:  8 21
26:  9 10
27:  9 21
28:  9 22
29: 10 11
30: 10 22
31: 10 23
32: 11 12
33: 11 23
34: 11 24
35: 12 24
36: 12 25
37: 13 14
38: 13 26
39: 14 15
40: 14 26
41: 14 27
42: 15 16
43: 15 27
44: 15 28
45: 16 17
46: 16 28
47: 16 29
48: 17 18
49: 17 29
50: 17 30
51: 18 19
52: 18 30
53: 18 31
54: 19 20
55: 19 31
56: 19 32
57: 20 21
58: 20 32
59: 20 33
60: 21 22
61: 21 33
62: 21 34
63: 22 23
64: 22 34
65: 22 35
66: 23 24
67: 23 35
68: 23 36
69: 24 25
70: 24 36
71: 24 37
72: 25 37
73: 25 38
74: 26 27
75: 27 28
76: 28 29
77: 29 30
78: 30 31
79: 31 32
80: 32 33
81: 33 34
82: 34 35
83: 35 36
84: 36 37
85: 37 38
--------------------------------------------------------------------------
De: 
 3.0475e+07  6.7045e+06           0
 6.7045e+06  3.0475e+07           0
          0           0 1.18852e+07
--------------------------------------------------------------------------
In createDOFTranslationMap
Number of Vertices: 39
Number of Faces: 48
Number of DOF: 108
DOFTranslationMap
 -1  -1  -1
  0   1   2
  3   4   5
  6   7   8
  9  10  11
 12  13  14
 15  16  17
 18  19  20
 21  22  23
 24  25  26
 27  28  29
 30  31  32
 33  34  35
 -1  -1  -1
 36  37  38
 39  40  41
 42  43  44
 45  46  47
 48  49  50
 51  52  53
 54  55  56
 57  58  59
 60  61  62
 63  64  65
 66  67  68
 69  70  71
 -1  -1  -1
 72  73  74
 75  76  77
 78  79  80
 81  82  83
 84  85  86
 87  88  89
 90  91  92
 93  94  95
 96  97  98
 99 100 101
102 103 104
105 106 107
--------------------------------------------------------------------------
Beginnig Assembly Of Stiffness Matrix.
In calculateGlobalStiffnessMatrix
faceIdx: 0
verticesIndices
 0
 1
13
-1
14
-1
setting edge idx 2 as clamped
local vertex: 0
0
0
local vertex:    0.0100258
-1.58819e-22
           0
local vertex: 2.58124e-05
 0.00549994
          0
--------------------------------------------------------------------------
vertices[0]: 0
0
0
vertices[1]:         0.01
  4.7053e-05
-0.000717894
vertices[2]:      0
0.0055
     0
neighborExists[0]: 0
neighborExists[1]: 1
neighborExists[2]: 0
neighborVertices[0]: 0
0
0
neighborVertices[1]:   0.01
0.0055
     0
neighborVertices[2]: 0
0
0

Element: 
heights[0]: 0.00483159
heights[1]: 0.0100257
heights[2]: 0.00549994
cosine[0]: 0.00469317
cosine[1]: 0.876219
cosine[2]: 0.477796
c[0]: 0.481913
c[1]: -0.999989
c[2]: -1.58409e-20
s[0]: 0.876219
s[1]: 0.00469317
s[2]: -1
axes[0]: 
  0.997422
0.00469317
-0.0716043
axes[1]: 
-0.00468112
   0.999989
0.000336055
axes[2]: 
0.0716051
       -0
 0.997433
area: 2.75708e-05
--------------------------------------------------------------------------
Neighbors: 
neighbor[0]
heightArr[0]: 0
heightArr[1]: 0
heightArr[2]: 0
cosineArr[0]: 0
cosineArr[1]: 0
cosineArr[2]: 0
height: 0
normal: 
0
0
0

neighbor[1]
heightArr[0]: 0
heightArr[1]: 0.0055
heightArr[2]: 0.01
cosineArr[0]: 0
cosineArr[1]: 0.481919
cosineArr[2]: 0.876216
height: 0.00481919
normal: 
        0
-0.130526
 0.991445

neighbor[2]
heightArr[0]: 0
heightArr[1]: 0
heightArr[2]: 0
cosineArr[0]: 0
cosineArr[1]: 0
cosineArr[2]: 0
height: 0
normal: 
0
0
0

--------------------------------------------------------------------------

edge is clamped: setting row[5] = row[1]
R: 
   0.232241    0.999978 2.50935e-40
   0.767759 2.20258e-05           1
   0.844523 -0.00938624 3.16819e-20
H: 
-207.237        0        0        0 -207.237        0
       0 -99.7433        0        0        0 -99.7433
       0        0  -181.82  -181.82        0        0
C: 
   14.8202         -0     206.44   -3.41248          0   -47.5346   -11.4077          0   -158.905          0          0          0          0          0          0          0          0          0
  -7.08103          0   -98.6361    7.14213         -0    99.4873 -0.0611016          0  -0.851123          0          0          0          0          0          0          0          0          0
  -12.9857          0   -180.887 -0.0335192          0  -0.466911    13.0193         -0    181.353          0          0          0          0          0          0          0          0          0
   12.9857         -0    180.887  0.0335192         -0   0.466911   -13.0193          0   -181.353         -0         -0         -0         -0         -0         -0         -0         -0         -0
         0          0          0         -0    20.7944   -157.949         -0     6.2903   -47.7796          0          0          0          0   -27.0847    205.729          0          0          0
  -7.08103          0   -98.6361    7.14213         -0    99.4873 -0.0611016          0  -0.851123          0          0          0          0          0          0          0          0          0
HC: 
 -3071.3        0   -42782  707.193 -4309.37  42583.9   2364.1 -1303.58  42832.8        0        0        0        0  5612.95 -42634.6        0        0        0
 1412.57        0  19676.6 -1424.76        0 -19846.4  12.1889        0  169.788        0        0        0        0        0        0        0        0        0
       0        0        0        0        0        0        0        0        0        0        0        0        0        0        0        0        0        0
B: 
  699.26        0  9740.43 -1260.49 -1000.81 -9956.24  561.229 -302.745  10117.3        0        0        0        0  1303.56 -9901.49        0        0        0
-2357.99        0 -32845.9  542.923 -3308.56  32693.7  1815.06 -1000.84  32885.3        0        0        0        0   4309.4 -32733.1        0        0        0
-2607.04        0 -36315.1  610.614 -3639.36  36149.3  1996.43 -1100.91  36171.7        0        0        0        0  4740.27 -36005.9        0        0        0
--------------------------------------------------------------------------
Bm: 
    -99.4851    -0.468107      7.14197      99.4851     0.468107     -7.14197  2.87278e-18  1.35173e-20 -2.06235e-19
    0.848931      -181.35   -0.0609443   0.00219129    -0.468107 -0.000157311    -0.851123      181.818    0.0611016
    -180.418     -100.592      12.9521    -0.933811      99.7389    0.0670377      181.351     0.853313     -13.0191
Km: 
 2.19962e+09  1.06683e+09 -1.57909e+08 -9.56967e+08  -6.8796e+08  6.87001e+07 -1.24265e+09 -3.78874e+08   8.9209e+07
 1.06683e+09  3.59573e+09 -7.65874e+07  -3.8808e+08 -3.75141e+08    2.786e+07 -6.78754e+08 -3.22059e+09  4.87273e+07
-1.57909e+08 -7.65874e+07  1.13362e+07  6.87001e+07  4.93882e+07 -4.93194e+06   8.9209e+07  2.71992e+07 -6.40426e+06
-9.56967e+08  -3.8808e+08  6.87001e+07  9.65225e+08  4.65661e-10 -6.92929e+07 -8.25759e+06   3.8808e+08       592807
 -6.8796e+08 -3.75141e+08  4.93882e+07 -9.31323e-10  3.78378e+08  8.73115e-11   6.8796e+08 -3.23706e+06 -4.93882e+07
 6.87001e+07    2.786e+07 -4.93194e+06 -6.92929e+07  5.82077e-11   4.9745e+06       592807   -2.786e+07     -42557.3
-1.24265e+09 -6.78754e+08   8.9209e+07 -8.25759e+06   6.8796e+08       592807  1.25091e+09 -9.20562e+06 -8.98018e+07
-3.78874e+08 -3.22059e+09  2.71992e+07   3.8808e+08 -3.23706e+06   -2.786e+07 -9.20562e+06  3.22383e+09       660866
  8.9209e+07  4.87273e+07 -6.40426e+06       592807 -4.93882e+07     -42557.3 -8.98018e+07       660866  6.44682e+06
Kb: 
      663595            0  9.24363e+06      -170182       899760 -9.20494e+06      -493412       272177 -8.94044e+06            0            0            0            0 -1.17194e+06  8.90175e+06            0            0            0
           0            0            0            0            0            0            0            0            0            0            0            0            0            0            0            0            0            0
 9.24363e+06            0   1.2876e+08 -2.37058e+06  1.25333e+07 -1.28221e+08 -6.87305e+06  3.79133e+06 -1.24537e+08            0            0            0            0 -1.63247e+07  1.23998e+08            0            0            0
     -170182            0 -2.37058e+06       143790     -50222.1  2.38442e+06        26392     -15192.2       483028            0            0            0            0      65414.3      -496871            0            0            0
      899760            0  1.25333e+07     -50222.1   1.5454e+06  -1.2438e+07      -849538       467482 -1.53846e+07            0            0            0            0 -2.01288e+06  1.52893e+07            0            0            0
-9.20494e+06            0 -1.28221e+08  2.38442e+06  -1.2438e+07   1.2769e+08  6.82051e+06  -3.7625e+06  1.23586e+08            0            0            0            0  1.62005e+07 -1.23055e+08            0            0            0
     -493412            0 -6.87305e+06        26392      -849538  6.82051e+06       467020      -256985  8.45742e+06            0            0            0            0  1.10652e+06 -8.40488e+06            0            0            0
      272177            0  3.79133e+06     -15192.2       467482  -3.7625e+06      -256985       141413 -4.65385e+06            0            0            0            0      -608896  4.62502e+06            0            0            0
-8.94044e+06            0 -1.24537e+08       483028 -1.53846e+07  1.23586e+08  8.45742e+06 -4.65385e+06  1.53158e+08            0            0            0            0  2.00385e+07 -1.52207e+08            0            0            0
           0            0            0            0            0            0            0            0            0            0            0            0            0            0            0            0            0            0
           0            0            0            0            0            0            0            0            0            0            0            0            0            0            0            0            0            0
           0            0            0            0            0            0            0            0            0            0            0            0            0            0            0            0            0            0
           0            0            0            0            0            0            0            0            0            0            0            0            0            0            0            0            0            0
-1.17194e+06            0 -1.63247e+07      65414.3 -2.01288e+06  1.62005e+07  1.10652e+06      -608896  2.00385e+07            0            0            0            0  2.62177e+06 -1.99144e+07            0            0            0
 8.90175e+06            0  1.23998e+08      -496871  1.52893e+07 -1.23055e+08 -8.40488e+06  4.62502e+06 -1.52207e+08            0            0            0            0 -1.99144e+07  1.51265e+08            0            0            0
           0            0            0            0            0            0            0            0            0            0            0            0            0            0            0            0            0            0
           0            0            0            0            0            0            0            0            0            0            0            0            0            0            0            0            0            0
           0            0            0            0            0            0            0            0            0            0            0            0            0            0            0            0            0            0
Ke: 
 60663.4  29413.4 -4098.82   -26389 -18942.8  1640.33 -34274.4 -10438.4  2213.07        0        0        0        0 -32.3112  245.428        0        0        0
 29413.4  99137.1 -2111.57 -10699.7 -10342.9  768.122 -18713.8 -88794.2  1343.45        0        0        0        0        0        0        0        0        0
-4098.82 -2111.57  3862.57  1828.76  1707.22 -3671.14  2270.07  854.432 -3610.15        0        0        0        0 -450.084  3418.72        0        0        0
  -26389 -10699.7  1828.76    26616 -1.38466 -1844.72  -226.94  10699.2  29.6616        0        0        0        0  1.80352 -13.6991        0        0        0
-18942.8 -10342.9  1707.22 -1.38466  10474.8 -342.926  18944.2 -76.3593 -1785.84        0        0        0        0 -55.4966  421.539        0        0        0
 1640.33  768.122 -3671.14 -1844.72 -342.926  3657.67  204.391 -871.857   3406.2        0        0        0        0  446.661 -3392.73        0        0        0
-34274.4 -18713.8  2270.07  -226.94  18944.2  204.391  34501.3 -260.891 -2242.73        0        0        0        0  30.5077 -231.729        0        0        0
-10438.4 -88794.2  854.432  10699.2 -76.3593 -871.857 -260.891  88887.3  -110.09        0        0        0        0 -16.7877  127.515        0        0        0
 2213.07  1343.45 -3610.15  29.6616 -1785.84   3406.2 -2242.73  -110.09  4400.43        0        0        0        0  552.477 -4196.48        0        0        0
       0        0        0        0        0        0        0        0        0        0        0        0        0        0        0        0        0        0
       0        0        0        0        0        0        0        0        0        0        0        0        0        0        0        0        0        0
       0        0        0        0        0        0        0        0        0        0        0        0        0        0        0        0        0        0
       0        0        0        0        0        0        0        0        0        0        0        0        0        0        0        0        0        0
-32.3112        0 -450.084  1.80352 -55.4966  446.661  30.5077 -16.7877  552.477        0        0        0        0  72.2843 -549.054        0        0        0
 245.428        0  3418.72 -13.6991  421.539 -3392.73 -231.729  127.515 -4196.48        0        0        0        0 -549.054  4170.48        0        0        0
       0        0        0        0        0        0        0        0        0        0        0        0        0        0        0        0        0        0
       0        0        0        0        0        0        0        0        0        0        0        0        0        0        0        0        0        0
       0        0        0        0        0        0        0        0        0        0        0        0        0        0        0        0        0        0
--------------------------------------------------------------------------
pushing to K_triplets. row: 0 col: 0 value: 26616
pushing to K_triplets. row: 0 col: 1 value: -1.38466
pushing to K_triplets. row: 0 col: 2 value: -1844.72
pushing to K_triplets. row: 0 col: 36 value: 0
pushing to K_triplets. row: 0 col: 37 value: 1.80352
pushing to K_triplets. row: 0 col: 38 value: -13.6991
pushing to K_triplets. row: 1 col: 0 value: -1.38466
pushing to K_triplets. row: 1 col: 1 value: 10474.8
pushing to K_triplets. row: 1 col: 2 value: -342.926
pushing to K_triplets. row: 1 col: 36 value: 0
pushing to K_triplets. row: 1 col: 37 value: -55.4966
pushing to K_triplets. row: 1 col: 38 value: 421.539
pushing to K_triplets. row: 2 col: 0 value: -1844.72
pushing to K_triplets. row: 2 col: 1 value: -342.926
pushing to K_triplets. row: 2 col: 2 value: 3657.67
pushing to K_triplets. row: 2 col: 36 value: 0
pushing to K_triplets. row: 2 col: 37 value: 446.661
pushing to K_triplets. row: 2 col: 38 value: -3392.73
pushing to K_triplets. row: 36 col: 0 value: 0
pushing to K_triplets. row: 36 col: 1 value: 0
pushing to K_triplets. row: 36 col: 2 value: 0
pushing to K_triplets. row: 36 col: 36 value: 0
pushing to K_triplets. row: 36 col: 37 value: 0
pushing to K_triplets. row: 36 col: 38 value: 0
pushing to K_triplets. row: 37 col: 0 value: 1.80352
pushing to K_triplets. row: 37 col: 1 value: -55.4966
pushing to K_triplets. row: 37 col: 2 value: 446.661
pushing to K_triplets. row: 37 col: 36 value: 0
pushing to K_triplets. row: 37 col: 37 value: 72.2843
pushing to K_triplets. row: 37 col: 38 value: -549.054
pushing to K_triplets. row: 38 col: 0 value: -13.6991
pushing to K_triplets. row: 38 col: 1 value: 421.539
pushing to K_triplets. row: 38 col: 2 value: -3392.73
pushing to K_triplets. row: 38 col: 36 value: 0
pushing to K_triplets. row: 38 col: 37 value: -549.054
pushing to K_triplets. row: 38 col: 38 value: 4170.48
--------------------------------------------------------------------------
faceIdx: 1
verticesIndices
 1
14
13
 2
26
 0
local vertex: -4.70535e-05
       -0.01
-0.000717894
local vertex:   0.00545295
       -0.01
-0.000717894
local vertex:   0.00545295
           0
-0.000717894
--------------------------------------------------------------------------
vertices[0]:         0.01
  4.7053e-05
-0.000717894
vertices[1]:   0.01
0.0055
     0
vertices[2]:      0
0.0055
     0
neighborExists[0]: 1
neighborExists[1]: 1
neighborExists[2]: 1
neighborVertices[0]:        0.02
0.000187408
-0.00142351
neighborVertices[1]:     0
0.011
    0
neighborVertices[2]: 0
0
0

Element: 
heights[0]: 0.0055
heights[1]: 0.00481919
heights[2]: 0.01
cosine[0]: 0.481919
cosine[1]: -0
cosine[2]: 0.876216
c[0]: 1
c[1]: -0.876216
c[2]: 0
s[0]: -0
s[1]: 0.481919
s[2]: -1
axes[0]: 
       0
0.991445
0.130526
axes[1]: 
-1
 0
 0
axes[2]: 
        0
-0.130526
 0.991445
area: 2.75e-05
--------------------------------------------------------------------------
Neighbors: 
neighbor[0]
heightArr[0]: 0.00483159
heightArr[1]: 0.00549994
heightArr[2]: 0
cosineArr[0]: 0.00469322
cosineArr[1]: 0.477796
cosineArr[2]: 0
height: 0.0100257
normal: 
0.0716052
-0.130191
   0.9889

neighbor[1]
heightArr[0]: 0
heightArr[1]: 0.01
heightArr[2]: 0.00481919
cosineArr[0]: 0
cosineArr[1]: 0.876216
cosineArr[2]: 0
height: 0.0055
normal: 
0
0
1

neighbor[2]
heightArr[0]: 0.0100257
heightArr[1]: 0
heightArr[2]: 0.00549994
cosineArr[0]: 0.876219
cosineArr[1]: 0
cosineArr[2]: 0.477796
height: 0.00483159
normal: 
0.0716051
       -0
 0.997433

--------------------------------------------------------------------------

R: 
       1 0.767754        0
       0 0.232246        1
      -0 -0.84453       -0
H: 
-181.818        0        0        0 -181.818        0
       0 -207.237        0        0        0 -207.237
       0        0 -99.8715 -99.8715        0        0
C: 
         0    -23.732    180.263         -0     23.732   -180.263          0         -0          0          0          0          0          0          0          0          0          0          0
        -0    20.7944   -157.949          0   -27.0847    205.729         -0     6.2903   -47.7796          0          0          0          0          0          0          0          0          0
         0         -0          0         -0    13.0526   -99.1445          0   -13.0526    99.1445          0          0          0          0          0          0          0          0          0
  -7.08103    12.8746   -97.7923 -0.0611023   0.111095  -0.843851          0          0          0    7.14214   -12.9857    98.6361          0          0          0          0          0          0
         0          0          0         -0         -0         -0         -0         -0   -181.818          0          0          0          0          0    181.818          0          0          0
  -3.41248          0   -47.5346          0          0          0   -11.4077          0   -158.905          0          0          0          0          0          0    14.8202         -0     206.44
HC: 
       0  4314.91   -32775        0 -4314.91    32775        0        0  33057.9        0        0        0        0        0 -33057.9        0        0        0
 707.193 -4309.37  42583.9       -0  5612.95 -42634.6   2364.1 -1303.58  42832.8        0        0        0        0        0        0  -3071.3        0   -42782
 707.193 -1285.81  9766.66  6.10238 -1314.68  9985.98        0  1303.58 -9901.71 -713.296   1296.9 -9850.94        0        0        0        0        0        0
B: 
  542.95  1006.38 -81.0979        0 -5.54518  42.1199  1815.05 -1000.83  65942.9        0        0        0        0        0 -33057.9    -2358        0 -32846.1
 871.436 -2286.64  19656.6  6.10238 -11.0952  84.2764  549.053  1000.83   46.026 -713.296   1296.9 -9850.94        0        0        0 -713.295        0 -9935.94
-597.246  3639.39 -35963.3        0 -4740.31  36006.2 -1996.56  1100.92 -36173.6        0        0        0        0        0        0   2593.8        0  36130.7
--------------------------------------------------------------------------
Bm: 
      -0 -180.263  -23.732        0  180.263   23.732       -0       -0       -0
      -0        0        0      100       -0       -0     -100        0        0
 181.818       -0       -0 -181.818 -99.1445 -13.0526        0  99.1445  13.0526
Km: 
 1.25728e+09            0            0 -1.25728e+09 -6.85589e+08 -9.02595e+07            0  6.85589e+08  9.02595e+07
           0  3.16888e+09   4.1719e+08 -3.86743e+08 -3.16888e+09  -4.1719e+08  3.86743e+08            0            0
           0   4.1719e+08  5.49242e+07 -5.09156e+07  -4.1719e+08 -5.49242e+07  5.09156e+07            0            0
-1.25728e+09 -3.86743e+08 -5.09156e+07  2.23248e+09  1.07233e+09  1.41175e+08   -9.752e+08 -6.85589e+08 -9.02595e+07
-6.85589e+08 -3.16888e+09  -4.1719e+08  1.07233e+09  3.54272e+09  4.66408e+08 -3.86743e+08 -3.73848e+08  -4.9218e+07
-9.02595e+07  -4.1719e+08 -5.49242e+07  1.41175e+08  4.66408e+08  6.14038e+07 -5.09156e+07  -4.9218e+07 -6.47968e+06
           0  3.86743e+08  5.09156e+07   -9.752e+08 -3.86743e+08 -5.09156e+07    9.752e+08            0            0
 6.85589e+08            0            0 -6.85589e+08 -3.73848e+08  -4.9218e+07            0  3.73848e+08   4.9218e+07
 9.02595e+07            0            0 -9.02595e+07  -4.9218e+07 -6.47968e+06            0   4.9218e+07  6.47968e+06
Kb: 
      116628      -197570  2.31299e+06      503.193      90629.3      -688398       194940    0.0193687   4.7365e+06     -58817.3       106940      -812294            0            0 -2.02105e+06      -253254            0 -3.52774e+06
     -197570       865007 -7.62944e+06     -1048.77      -558227  4.24016e+06      -254163     -83890.4 -1.51857e+06       122589      -222889  1.69301e+06            0            0 -1.38461e+06       330192            0  4.59946e+06
 2.31299e+06 -7.62944e+06  7.40712e+07      9972.98  5.51269e+06  -4.1873e+07  3.86857e+06     -2738.72  6.55819e+07 -1.16572e+06   2.1195e+06 -1.60992e+07            0            0 -1.16734e+07  -5.0258e+06            0 -7.00076e+07
     503.193     -1048.77      9972.98      3.09892      -6.2539      47.5031        481.6      396.431      7390.57     -362.227      658.594     -5002.52            0            0     -3693.25     -625.665            0     -8715.28
     90629.3      -558227  5.51269e+06      -6.2539       729287 -5.53949e+06       305391      -169731  5.52125e+06      731.006      -1329.1      10095.5            0            0      21969.6      -396745            0 -5.52651e+06
     -688398  4.24016e+06  -4.1873e+07      47.5031 -5.53949e+06  4.20766e+07 -2.31968e+06  1.28923e+06 -4.19381e+07     -5552.54      10095.5     -76683.2            0            0      -166876  3.01358e+06            0  4.19781e+07
      194940      -254163  3.86857e+06        481.6       305391 -2.31968e+06       465099      -153580  1.29707e+07     -56293.3       102351      -777436            0            0 -5.32546e+06      -604227            0 -8.41667e+06
   0.0193687     -83890.4     -2738.72      396.431      -169731  1.28923e+06      -153580       169370 -5.57336e+06     -46338.1        84251      -639950            0            0  2.14755e+06       199522            0  2.77926e+06
  4.7365e+06 -1.51857e+06  6.55819e+07      7390.57  5.52125e+06 -4.19381e+07  1.29707e+07 -5.57336e+06  4.04446e+08      -863870  1.57067e+06 -1.19304e+07            0            0 -1.81435e+08 -1.68507e+07            0 -2.34724e+08
    -58817.3       122589 -1.16572e+06     -362.227      731.006     -5552.54     -56293.3     -46338.1      -863870      42340.1     -76981.9       584735            0            0       431697      73132.8            0  1.01871e+06
      106940      -222889   2.1195e+06      658.594      -1329.1      10095.5       102351        84251  1.57067e+06     -76981.9       139967 -1.06315e+06            0            0      -784903      -132969            0  -1.8522e+06
     -812294  1.69301e+06 -1.60992e+07     -5002.52      10095.5     -76683.2      -777436      -639950 -1.19304e+07       584735 -1.06315e+06  8.07546e+06            0            0  5.96193e+06     1.01e+06            0  1.40689e+07
           0            0            0            0            0            0            0            0            0            0            0            0            0            0            0            0            0            0
           0            0            0            0            0            0            0            0            0            0            0            0            0            0            0            0            0            0
-2.02105e+06 -1.38461e+06 -1.16734e+07     -3693.25      21969.6      -166876 -5.32546e+06  2.14755e+06 -1.81435e+08       431697      -784903  5.96193e+06            0            0  9.09414e+07   6.9185e+06            0  9.63722e+07
     -253254       330192  -5.0258e+06     -625.665      -396745  3.01358e+06      -604227       199522 -1.68507e+07      73132.8      -132969     1.01e+06            0            0   6.9185e+06       784975            0  1.09344e+07
           0            0            0            0            0            0            0            0            0            0            0            0            0            0            0            0            0            0
-3.52774e+06  4.59946e+06 -7.00076e+07     -8715.28 -5.52651e+06  4.19781e+07 -8.41667e+06  2.77926e+06 -2.34724e+08  1.01871e+06  -1.8522e+06  1.40689e+07            0            0  9.63722e+07  1.09344e+07            0  1.52312e+08
Ke: 
    34578.5    -5.43317     63.6071    -34575.2    -18851.2    -2501.07     5.36086     18853.7     2612.39    -1.61748     2.94086    -22.3381           0           0    -55.5789     -6.9645           0    -97.0129
   -5.43317     87167.9     11262.9    -10635.5    -87159.4    -11356.1     10628.4    -2.30699    -41.7605      3.3712    -6.12944     46.5577           0           0    -38.0769     9.08028           0     126.485
    63.6071     11262.9     3547.37    -1399.91    -11321.1    -2661.92     1506.57  -0.0753147      1803.5    -32.0574     58.2861    -442.727           0           0    -321.017     -138.21           0    -1925.21
   -34575.2    -10635.5    -1399.91     61393.3     29489.1     3882.32      -26818    -18853.7    -2481.93 -0.00996125   0.0181113   -0.137569           0           0   -0.101564  -0.0172058           0    -0.23967
   -18851.2    -87159.4    -11321.1     29489.1       97445     12673.9      -10627    -10285.5    -1201.66   0.0201027  -0.0365503    0.277627           0           0    0.604165    -10.9105           0    -151.979
   -2501.07    -11356.1    -2661.92     3882.32     12673.9     2845.71    -1463.97    -1318.04    -1331.49   -0.152695    0.277627    -2.10879           0           0    -4.58909     82.8734           0      1154.4
    5.36086     10628.4     1506.57      -26818      -10627    -1463.97     26830.8    -4.22345     356.693    -1.54807     2.81466    -21.3795           0           0     -146.45    -16.6163           0    -231.458
    18853.7    -2.30699  -0.0753147    -18853.7    -10285.5    -1318.04    -4.22345     10285.5     1200.23     -1.2743      2.3169    -17.5986           0           0     59.0576     5.48685           0     76.4297
    2612.39    -41.7605      1803.5    -2481.93    -1201.66    -1331.49     356.693     1200.23     11300.4    -23.7564     43.1935    -328.087           0           0    -4989.47    -463.394           0    -6454.91
   -1.61748      3.3712    -32.0574 -0.00996125   0.0201027   -0.152695    -1.54807     -1.2743    -23.7564     1.16435      -2.117     16.0802           0           0     11.8717     2.01115           0     28.0146
    2.94086    -6.12944     58.2861   0.0181113  -0.0365503    0.277627     2.81466      2.3169     43.1935      -2.117     3.84909    -29.2368           0           0    -21.5848    -3.65664           0    -50.9356
   -22.3381     46.5577    -442.727   -0.137569    0.277627    -2.10879    -21.3795    -17.5986    -328.087     16.0802    -29.2368     222.075           0           0     163.953     27.7749           0     386.894
          0           0           0           0           0           0           0           0           0           0           0           0           0           0           0           0           0           0
          0           0           0           0           0           0           0           0           0           0           0           0           0           0           0           0           0           0
   -55.5789    -38.0769    -321.017   -0.101564    0.604165    -4.58909     -146.45     59.0576    -4989.47     11.8717    -21.5848     163.953           0           0     2500.89     190.259           0     2650.24
    -6.9645     9.08028     -138.21  -0.0172058    -10.9105     82.8734    -16.6163     5.48685    -463.394     2.01115    -3.65664     27.7749           0           0     190.259     21.5868           0     300.696
          0           0           0           0           0           0           0           0           0           0           0           0           0           0           0           0           0           0
   -97.0129     126.485    -1925.21    -0.23967    -151.979      1154.4    -231.458     76.4297    -6454.91     28.0146    -50.9356     386.894           0           0     2650.24     300.696           0     4188.59
--------------------------------------------------------------------------
pushing to K_triplets. row: 0 col: 0 value: 34578.5
pushing to K_triplets. row: 0 col: 1 value: -5.43317
pushing to K_triplets. row: 0 col: 2 value: 63.6071
pushing to K_triplets. row: 0 col: 36 value: -34575.2
pushing to K_triplets. row: 0 col: 37 value: -18851.2
pushing to K_triplets. row: 0 col: 38 value: -2501.07
pushing to K_triplets. row: 0 col: 3 value: -1.61748
pushing to K_triplets. row: 0 col: 4 value: 2.94086
pushing to K_triplets. row: 0 col: 5 value: -22.3381
pushing to K_triplets. row: 1 col: 0 value: -5.43317
pushing to K_triplets. row: 1 col: 1 value: 87167.9
pushing to K_triplets. row: 1 col: 2 value: 11262.9
pushing to K_triplets. row: 1 col: 36 value: -10635.5
pushing to K_triplets. row: 1 col: 37 value: -87159.4
pushing to K_triplets. row: 1 col: 38 value: -11356.1
pushing to K_triplets. row: 1 col: 3 value: 3.3712
pushing to K_triplets. row: 1 col: 4 value: -6.12944
pushing to K_triplets. row: 1 col: 5 value: 46.5577
pushing to K_triplets. row: 2 col: 0 value: 63.6071
pushing to K_triplets. row: 2 col: 1 value: 11262.9
pushing to K_triplets. row: 2 col: 2 value: 3547.37
pushing to K_triplets. row: 2 col: 36 value: -1399.91
pushing to K_triplets. row: 2 col: 37 value: -11321.1
pushing to K_triplets. row: 2 col: 38 value: -2661.92
pushing to K_triplets. row: 2 col: 3 value: -32.0574
pushing to K_triplets. row: 2 col: 4 value: 58.2861
pushing to K_triplets. row: 2 col: 5 value: -442.727
pushing to K_triplets. row: 36 col: 0 value: -34575.2
pushing to K_triplets. row: 36 col: 1 value: -10635.5
pushing to K_triplets. row: 36 col: 2 value: -1399.91
pushing to K_triplets. row: 36 col: 36 value: 61393.3
pushing to K_triplets. row: 36 col: 37 value: 29489.1
pushing to K_triplets. row: 36 col: 38 value: 3882.32
pushing to K_triplets. row: 36 col: 3 value: -0.00996125
pushing to K_triplets. row: 36 col: 4 value: 0.0181113
pushing to K_triplets. row: 36 col: 5 value: -0.137569
pushing to K_triplets. row: 37 col: 0 value: -18851.2
pushing to K_triplets. row: 37 col: 1 value: -87159.4
pushing to K_triplets. row: 37 col: 2 value: -11321.1
pushing to K_triplets. row: 37 col: 36 value: 29489.1
pushing to K_triplets. row: 37 col: 37 value: 97445
pushing to K_triplets. row: 37 col: 38 value: 12673.9
pushing to K_triplets. row: 37 col: 3 value: 0.0201027
pushing to K_triplets. row: 37 col: 4 value: -0.0365503
pushing to K_triplets. row: 37 col: 5 value: 0.277627
pushing to K_triplets. row: 38 col: 0 value: -2501.07
pushing to K_triplets. row: 38 col: 1 value: -11356.1
pushing to K_triplets. row: 38 col: 2 value: -2661.92
pushing to K_triplets. row: 38 col: 36 value: 3882.32
pushing to K_triplets. row: 38 col: 37 value: 12673.9
pushing to K_triplets. row: 38 col: 38 value: 2845.71
pushing to K_triplets. row: 38 col: 3 value: -0.152695
pushing to K_triplets. row: 38 col: 4 value: 0.277627
pushing to K_triplets. row: 38 col: 5 value: -2.10879
pushing to K_triplets. row: 3 col: 0 value: -1.61748
pushing to K_triplets. row: 3 col: 1 value: 3.3712
pushing to K_triplets. row: 3 col: 2 value: -32.0574
pushing to K_triplets. row: 3 col: 36 value: -0.00996125
pushing to K_triplets. row: 3 col: 37 value: 0.0201027
pushing to K_triplets. row: 3 col: 38 value: -0.152695
pushing to K_triplets. row: 3 col: 3 value: 1.16435
pushing to K_triplets. row: 3 col: 4 value: -2.117
pushing to K_triplets. row: 3 col: 5 value: 16.0802
pushing to K_triplets. row: 4 col: 0 value: 2.94086
pushing to K_triplets. row: 4 col: 1 value: -6.12944
pushing to K_triplets. row: 4 col: 2 value: 58.2861
pushing to K_triplets. row: 4 col: 36 value: 0.0181113
pushing to K_triplets. row: 4 col: 37 value: -0.0365503
pushing to K_triplets. row: 4 col: 38 value: 0.277627
pushing to K_triplets. row: 4 col: 3 value: -2.117
pushing to K_triplets. row: 4 col: 4 value: 3.84909
pushing to K_triplets. row: 4 col: 5 value: -29.2368
pushing to K_triplets. row: 5 col: 0 value: -22.3381
pushing to K_triplets. row: 5 col: 1 value: 46.5577
pushing to K_triplets. row: 5 col: 2 value: -442.727
pushing to K_triplets. row: 5 col: 36 value: -0.137569
pushing to K_triplets. row: 5 col: 37 value: 0.277627
pushing to K_triplets. row: 5 col: 38 value: -2.10879
pushing to K_triplets. row: 5 col: 3 value: 16.0802
pushing to K_triplets. row: 5 col: 4 value: -29.2368
pushing to K_triplets. row: 5 col: 5 value: 222.075
--------------------------------------------------------------------------
faceIdx: 2
verticesIndices
 1
 2
14
-1
15
13
local vertex:   0.0100254
-9.4106e-05
4.34878e-10
local vertex:   0.0200513
-9.4106e-05
4.34878e-10
local vertex:   0.0100512
 0.00540583
4.34878e-10
--------------------------------------------------------------------------
vertices[0]:         0.01
  4.7053e-05
-0.000717894
vertices[1]:        0.02
0.000187408
-0.00142351
vertices[2]:   0.01
0.0055
     0
neighborExists[0]: 0
neighborExists[1]: 1
neighborExists[2]: 1
neighborVertices[0]: 0
0
0
neighborVertices[1]:   0.02
0.0055
     0
neighborVertices[2]:      0
0.0055
     0

Element: 
heights[0]: 0.00483159
heights[1]: 0.0100257
heights[2]: 0.00549994
cosine[0]: 0.00469322
cosine[1]: 0.876219
cosine[2]: 0.477796
c[0]: 0.481913
c[1]: -0.999989
c[2]: 1.35176e-18
s[0]: 0.876219
s[1]: 0.00469322
s[2]: -1
axes[0]: 
  0.997422
 0.0139993
-0.0703792
axes[1]: 
-0.00468118
    0.99139
   0.130858
axes[2]: 
0.0716052
-0.130191
   0.9889
area: 2.75708e-05
--------------------------------------------------------------------------
Neighbors: 
neighbor[0]
heightArr[0]: 0
heightArr[1]: 0
heightArr[2]: 0
cosineArr[0]: 0
cosineArr[1]: 0
cosineArr[2]: 0
height: 0
normal: 
0
0
0

neighbor[1]
heightArr[0]: 0
heightArr[1]: 0.0055
heightArr[2]: 0.01
cosineArr[0]: 0
cosineArr[1]: 0.481919
cosineArr[2]: 0.876216
height: 0.00481919
normal: 
        0
-0.258819
 0.965926

neighbor[2]
heightArr[0]: 0.0055
heightArr[1]: 0
heightArr[2]: 0.00481919
cosineArr[0]: 0.481919
cosineArr[1]: 0
cosineArr[2]: -0
height: 0.01
normal: 
        0
-0.130526
 0.991445

--------------------------------------------------------------------------

R: 
    0.232241     0.999978  1.82725e-36
    0.767759  2.20263e-05            1
    0.844523  -0.00938634 -2.70352e-18
H: 
-207.237        0        0        0 -207.237        0
       0 -99.8715        0        0        0 -99.8715
       0        0  -181.82  -181.82        0        0
C: 
   14.8202   -26.9458    204.674   -3.41248    6.20451   -47.1279   -11.4077    20.7413   -157.546          0          0          0          0          0          0          0          0          0
  -7.08103    12.8746   -97.7923    7.14214   -12.9857    98.6361 -0.0611023   0.111095  -0.843851          0          0          0          0          0          0          0          0          0
  -12.9857    23.6104   -179.339 -0.0335196  0.0609448  -0.462921    13.0193   -23.6714    179.802          0          0          0          0          0          0          0          0          0
   12.9857   -23.6104    179.339  0.0335196 -0.0609448   0.462921   -13.0193    23.6714   -179.802         -0         -0         -0         -0         -0         -0         -0         -0         -0
         0          0          0         -0     41.233   -153.884         -0     12.473   -46.5498          0          0          0          0    -53.706    200.433          0          0          0
         0         -0          0          0          0          0         -0    13.0526   -99.1445          0          0          0          0          0          0          0   -13.0526    99.1445
HC: 
 -3071.3  5584.17   -42416  707.193 -9830.81  41657.1   2364.1 -6883.23  42296.2        0        0        0        0  11129.9 -41537.2        0        0        0
 707.193 -1285.81  9766.66 -713.296   1296.9 -9850.94  6.10238 -1314.68  9985.98        0        0        0        0        0        0        0  1303.58 -9901.71
       0        0        0        0        0        0        0        0        0        0        0        0        0        0        0        0        0        0
B: 
 -6.10226    11.095   -84.275  -549.041  -986.242  -176.262   555.143  -2913.22   19808.7         0         0         0         0   2584.81  -9646.63         0   1303.56  -9901.49
    -2358   4287.27  -32565.1   542.939  -7547.67   31982.4   1815.06   -5284.7   32473.5         0         0         0         0   8545.06  -31890.6         0 0.0287132 -0.218098
 -2600.42   4728.03    -35913   603.936  -8314.52   35272.8   1996.48  -5800.71   35626.4         0         0         0         0   9399.44  -35079.2         0  -12.2359   92.9408
--------------------------------------------------------------------------
Bm: 
    -99.4851     -1.39632      7.01978      99.4851      1.39632     -7.01978 -2.45143e-16 -3.44071e-18  1.72976e-17
    0.848941     -179.791     -23.7314   0.00219134    -0.464087   -0.0612569    -0.851132      180.255      23.7926
    -180.418     -101.422    -0.288645    -0.933822      98.8769       13.085      181.351      2.54536     -12.7964
Km: 
 2.19962e+09  1.07832e+09 -1.73085e+07 -9.56967e+08 -6.91041e+08 -2.16843e+07 -1.24265e+09 -3.87277e+08  3.89929e+07
 1.07832e+09  3.55449e+09  3.89877e+08 -3.93727e+08  -3.7883e+08 -2.13646e+07 -6.84591e+08 -3.17566e+09 -3.68513e+08
-1.73085e+07  3.89877e+08  5.25816e+07  1.74578e+07       163617 -1.24256e+06      -149300 -3.90041e+08  -5.1339e+07
-9.56967e+08 -3.93727e+08  1.74578e+07  9.65225e+08  9.04455e+06 -6.87002e+07 -8.25768e+06  3.84682e+08  5.12423e+07
-6.91041e+08  -3.7883e+08       163617  9.04455e+06  3.72016e+08  4.83219e+07  6.81997e+08  6.81399e+06 -4.84856e+07
-2.16843e+07 -2.13646e+07 -1.24256e+06 -6.87002e+07  4.83219e+07  1.13362e+07  9.03845e+07 -2.69573e+07 -1.00936e+07
-1.24265e+09 -6.84591e+08      -149300 -8.25768e+06  6.81997e+08  9.03845e+07  1.25091e+09  2.59453e+06 -9.02352e+07
-3.87277e+08 -3.17566e+09 -3.90041e+08  3.84682e+08  6.81399e+06 -2.69573e+07  2.59453e+06  3.16884e+09  4.16998e+08
