EV:
0: 0 1
1: 0 2
2: 1 2
3: 3 4
4: 3 5
5: 4 5
6: 6 7
7: 6 8
8: 7 8
9:  9 10
10:  9 11
11: 10 11
12: 12 13
13: 12 14
14: 13 14
15: 15 16
16: 15 17
17: 16 17
18: 18 19
19: 18 20
20: 19 20
21: 21 22
22: 21 23
23: 22 23
24: 24 25
25: 24 26
26: 25 26
27: 27 28
28: 27 29
29: 28 29
30: 30 31
31: 30 32
32: 31 32
33: 33 34
34: 33 35
35: 34 35
36: 36 37
37: 36 38
38: 37 38
39: 39 40
40: 39 41
41: 40 41
42: 42 43
43: 42 44
44: 43 44
45: 45 46
46: 45 47
47: 46 47
48: 48 49
49: 48 50
50: 49 50
51: 51 52
52: 51 53
53: 52 53
54: 54 55
55: 54 56
56: 55 56
57: 57 58
58: 57 59
59: 58 59
--------------------------------------------------------------------------
De: 
 2.1978e+11 6.59341e+10           0
6.59341e+10  2.1978e+11           0
          0           0 7.69231e+10
--------------------------------------------------------------------------
In createDOFTranslationMap
Number of Vertices: 60
Number of Faces: 20
Number of DOF: 180
DOFTranslationMap
  0   1   2
  3   4   5
  6   7   8
  9  10  11
 12  13  14
 15  16  17
 18  19  20
 21  22  23
 24  25  26
 27  28  29
 30  31  32
 33  34  35
 36  37  38
 39  40  41
 42  43  44
 45  46  47
 48  49  50
 51  52  53
 54  55  56
 57  58  59
 60  61  62
 63  64  65
 66  67  68
 69  70  71
 72  73  74
 75  76  77
 78  79  80
 81  82  83
 84  85  86
 87  88  89
 90  91  92
 93  94  95
 96  97  98
 99 100 101
102 103 104
105 106 107
108 109 110
111 112 113
114 115 116
117 118 119
120 121 122
123 124 125
126 127 128
129 130 131
132 133 134
135 136 137
138 139 140
141 142 143
144 145 146
147 148 149
150 151 152
153 154 155
156 157 158
159 160 161
162 163 164
165 166 167
168 169 170
171 172 173
174 175 176
177 178 179
--------------------------------------------------------------------------
Beginnig Assembly Of Stiffness Matrix.
In calculateGlobalStiffnessMatrix
faceIdx: 0
verticesIndices
 0
 1
 2
-1
-1
-1
rotation matrix: 
-0.276076 -0.223092 -0.934886
 0.921939 -0.336415 -0.191974
-0.271681 -0.914907  0.298553
localVertices[0]: 
-8.29307
 1.41467
-8.15472
localVertices[1]: 
-6.24751
 1.41467
-8.15472
localVertices[2]: 
-6.14769
  1.7705
-8.15472
--------------------------------------------------------------------------
i_prv for c[0]: 2
i for c[0]: 0
i_nxt for c[0]: 1
Y for c[0]: 1

length[i] for c[0]: 0.369567
y_prv for c[0]: 1.7705
y_nxt for c[0]: 1.41467
(y_prv - y_nxt) for c[0]: 0.35583
c[0]: 0.962828

i_prv for c[1]: 0
i for c[1]: 1
i_nxt for c[1]: 2
Y for c[1]: 1

length[i] for c[1]: 2.17469
y_prv for c[1]: 1.41467
y_nxt for c[1]: 1.7705
(y_prv - y_nxt) for c[1]: -0.35583
c[1]: -0.163623

i_prv for c[2]: 1
i for c[2]: 2
i_nxt for c[2]: 0
Y for c[2]: 1

length[i] for c[2]: 2.04556
y_prv for c[2]: 1.41467
y_nxt for c[2]: 1.41467
(y_prv - y_nxt) for c[2]: 0
c[2]: 0

vertices[0]: 
5.80925
8.83501
5.04688
vertices[1]: 
5.24452
8.37866
3.13451
vertices[2]: 
5.54501
8.23668
2.97288
neighborExists[0]: 0
neighborExists[1]: 0
neighborExists[2]: 0
neighborVertices[0]: 
0
0
0
neighborVertices[1]: 
0
0
0
neighborVertices[2]: 
0
0
0

Element: 
heights[0]: 1.96952
heights[1]: 0.3347
heights[2]: 0.35583
cosine[0]: 0.986523
cosine[1]: -0.270116
cosine[2]: 0.424017
c[0]: 0.962828
c[1]: -0.163623
c[2]: 0
s[0]: -0.270116
s[1]: 0.986523
s[2]: -1
axes[0]: 
-0.276076
-0.223092
-0.934886
axes[1]: 
 0.921939
-0.336415
-0.191974
axes[2]: 
-0.271681
-0.914907
 0.298553
area: 0.363935
--------------------------------------------------------------------------
Neighbors: 
neighbor[0]
heightArr[0]: 0
heightArr[1]: 0
heightArr[2]: 0
cosineArr[0]: 0
cosineArr[1]: 0
cosineArr[2]: 0
height: 0
normal: 
0
0
0

neighbor[1]
heightArr[0]: 0
heightArr[1]: 0
heightArr[2]: 0
cosineArr[0]: 0
cosineArr[1]: 0
cosineArr[2]: 0
height: 0
normal: 
0
0
0

neighbor[2]
heightArr[0]: 0
heightArr[1]: 0
heightArr[2]: 0
cosineArr[0]: 0
cosineArr[1]: 0
cosineArr[2]: 0
height: 0
normal: 
0
0
0

--------------------------------------------------------------------------

R: 
 0.927037 0.0267725         0
0.0729627  0.973228         1
-0.520151 -0.322836        -0
H: 
-0.507738         0         0         0 -0.507738         0
        0  -2.98775         0         0         0  -2.98775
        0         0  -2.81033  -2.81033         0         0
C: 
 -0.137943  -0.464533   0.151587   0.344181    1.15905  -0.378224  -0.206238  -0.694521   0.226637          0          0          0          0          0          0          0          0          0
 0.0584901    0.19697 -0.0642754  -0.811715   -2.73351   0.892002   0.753225    2.53654  -0.827727          0          0          0          0          0          0          0          0          0
-0.0372606  -0.125478  0.0409461   0.800776    2.69667  -0.879981  -0.763515   -2.57119   0.839035          0          0          0          0          0          0          0          0          0
 0.0372606   0.125478 -0.0409461  -0.800776   -2.69667   0.879981   0.763515    2.57119  -0.839035         -0         -0         -0         -0         -0         -0         -0         -0         -0
  0.137943   0.464533  -0.151587  -0.344181   -1.15905   0.378224   0.206238   0.694521  -0.226637         -0         -0         -0         -0         -0         -0         -0         -0         -0
-0.0584901   -0.19697  0.0642754   0.811715    2.73351  -0.892002  -0.753225   -2.53654   0.827727         -0         -0         -0         -0         -0         -0         -0         -0         -0
HC: 
0 0 0 0 0 0 0 0 0 0 0 0 0 0 0 0 0 0
0 0 0 0 0 0 0 0 0 0 0 0 0 0 0 0 0 0
0 0 0 0 0 0 0 0 0 0 0 0 0 0 0 0 0 0
B: 
 1.73472e-18  1.04083e-17 -1.73472e-18            0            0            0            0            0            0            0            0            0            0            0            0            0            0            0
           0            0 -2.77556e-17            0            0            0            0            0            0            0            0            0            0            0            0            0            0            0
           0            0            0            0            0            0            0            0            0            0            0            0            0            0            0            0            0            0
--------------------------------------------------------------------------
Bm: 
  0.134964   0.109062   0.457032  -0.134964  -0.109062  -0.457032          0          0          0
  0.126442 -0.0461387  -0.026329    -2.7174   0.991576   0.565841    2.59096  -0.945437  -0.539512
 -0.488566   0.133864 -0.0343685    1.26443   0.493099    2.66171  -0.775867  -0.626963   -2.62734
Km: 
 2.81288e+07 -2.57938e+06  1.76926e+07 -1.52345e+08  1.37033e+07 -9.66396e+07  1.24216e+08 -1.11239e+07  7.89471e+07
-2.57938e+06  3.79691e+06   9.2883e+06  1.82107e+07      -129461  1.61748e+07 -1.56313e+07 -3.66745e+06 -2.54631e+07
 1.76926e+07   9.2883e+06  4.45638e+07 -8.28268e+07  1.20731e+07 -3.83741e+07  6.51343e+07 -2.13614e+07 -6.18974e+06
-1.52345e+08  1.82107e+07 -8.28268e+07  1.79826e+09 -5.30287e+08  1.13589e+07 -1.64592e+09  5.12076e+08  7.14679e+07
 1.37033e+07      -129461  1.20731e+07 -5.30287e+08   2.2315e+08  2.01279e+08  5.16583e+08 -2.23021e+08 -2.13352e+08
-9.66396e+07  1.61748e+07 -3.83741e+07  1.13589e+07  2.01279e+08   6.2715e+08  8.52807e+07 -2.17454e+08 -5.88776e+08
 1.24216e+08 -1.56313e+07  6.51343e+07 -1.64592e+09  5.16583e+08  8.52807e+07   1.5217e+09 -5.00952e+08 -1.50415e+08
-1.11239e+07 -3.66745e+06 -2.13614e+07  5.12076e+08 -2.23021e+08 -2.17454e+08 -5.00952e+08  2.26688e+08  2.38816e+08
 7.89471e+07 -2.54631e+07 -6.18974e+06  7.14679e+07 -2.13352e+08 -5.88776e+08 -1.50415e+08  2.38816e+08  5.94966e+08
Kb: 
 5.51148e-35  3.30689e-34 -3.19666e-34            0            0            0            0            0            0            0            0            0            0            0            0            0            0            0
 3.30689e-34  1.98413e-33 -1.91799e-33            0            0            0            0            0            0            0            0            0            0            0            0            0            0            0
-3.19666e-34 -1.91799e-33  1.46936e-32            0            0            0            0            0            0            0            0            0            0            0            0            0            0            0
           0            0            0            0            0            0            0            0            0            0            0            0            0            0            0            0            0            0
           0            0            0            0            0            0            0            0            0            0            0            0            0            0            0            0            0            0
           0            0            0            0            0            0            0            0            0            0            0            0            0            0            0            0            0            0
           0            0            0            0            0            0            0            0            0            0            0            0            0            0            0            0            0            0
           0            0            0            0            0            0            0            0            0            0            0            0            0            0            0            0            0            0
           0            0            0            0            0            0            0            0            0            0            0            0            0            0            0            0            0            0
           0            0            0            0            0            0            0            0            0            0            0            0            0            0            0            0            0            0
           0            0            0            0            0            0            0            0            0            0            0            0            0            0            0            0            0            0
           0            0            0            0            0            0            0            0            0            0            0            0            0            0            0            0            0            0
           0            0            0            0            0            0            0            0            0            0            0            0            0            0            0            0            0            0
           0            0            0            0            0            0            0            0            0            0            0            0            0            0            0            0            0            0
           0            0            0            0            0            0            0            0            0            0            0            0            0            0            0            0            0            0
           0            0            0            0            0            0            0            0            0            0            0            0            0            0            0            0            0            0
           0            0            0            0            0            0            0            0            0            0            0            0            0            0            0            0            0            0
           0            0            0            0            0            0            0            0            0            0            0            0            0            0            0            0            0            0
Ke: 
  1.0237e+07      -938726  6.43894e+06 -5.54437e+07   4.9871e+06 -3.51705e+07  4.52066e+07 -4.04837e+06  2.87316e+07            0            0            0            0            0            0            0            0            0
     -938726  1.38183e+06  3.38034e+06   6.6275e+06     -47115.4  5.88659e+06 -5.68877e+06 -1.33471e+06 -9.26693e+06            0            0            0            0            0            0            0            0            0
 6.43894e+06  3.38034e+06  1.62183e+07 -3.01436e+07  4.39384e+06 -1.39657e+07  2.37046e+07 -7.77417e+06 -2.25266e+06            0            0            0            0            0            0            0            0            0
-5.54437e+07   6.6275e+06 -3.01436e+07   6.5445e+08  -1.9299e+08  4.13391e+06 -5.99007e+08  1.86362e+08  2.60097e+07            0            0            0            0            0            0            0            0            0
  4.9871e+06     -47115.4  4.39384e+06  -1.9299e+08  8.12121e+07  7.32526e+07  1.88003e+08  -8.1165e+07 -7.76464e+07            0            0            0            0            0            0            0            0            0
-3.51705e+07  5.88659e+06 -1.39657e+07  4.13391e+06  7.32526e+07  2.28242e+08  3.10366e+07 -7.91392e+07 -2.14276e+08            0            0            0            0            0            0            0            0            0
 4.52066e+07 -5.68877e+06  2.37046e+07 -5.99007e+08  1.88003e+08  3.10366e+07    5.538e+08 -1.82314e+08 -5.47413e+07            0            0            0            0            0            0            0            0            0
-4.04837e+06 -1.33471e+06 -7.77417e+06  1.86362e+08  -8.1165e+07 -7.91392e+07 -1.82314e+08  8.24997e+07  8.69134e+07            0            0            0            0            0            0            0            0            0
 2.87316e+07 -9.26693e+06 -2.25266e+06  2.60097e+07 -7.76464e+07 -2.14276e+08 -5.47413e+07  8.69134e+07  2.16529e+08            0            0            0            0            0            0            0            0            0
           0            0            0            0            0            0            0            0            0            0            0            0            0            0            0            0            0            0
           0            0            0            0            0            0            0            0            0            0            0            0            0            0            0            0            0            0
           0            0            0            0            0            0            0            0            0            0            0            0            0            0            0            0            0            0
           0            0            0            0            0            0            0            0            0            0            0            0            0            0            0            0            0            0
           0            0            0            0            0            0            0            0            0            0            0            0            0            0            0            0            0            0
           0            0            0            0            0            0            0            0            0            0            0            0            0            0            0            0            0            0
           0            0            0            0            0            0            0            0            0            0            0            0            0            0            0            0            0            0
           0            0            0            0            0            0            0            0            0            0            0            0            0            0            0            0            0            0
           0            0            0            0            0            0            0            0            0            0            0            0            0            0            0            0            0            0
--------------------------------------------------------------------------
pushing to K_triplets. row: 0 col: 0 value: 1.0237e+07
pushing to K_triplets. row: 0 col: 1 value: -938726
pushing to K_triplets. row: 0 col: 2 value: 6.43894e+06
pushing to K_triplets. row: 0 col: 3 value: -5.54437e+07
pushing to K_triplets. row: 0 col: 4 value: 4.9871e+06
pushing to K_triplets. row: 0 col: 5 value: -3.51705e+07
pushing to K_triplets. row: 0 col: 6 value: 4.52066e+07
pushing to K_triplets. row: 0 col: 7 value: -4.04837e+06
pushing to K_triplets. row: 0 col: 8 value: 2.87316e+07
pushing to K_triplets. row: 1 col: 0 value: -938726
pushing to K_triplets. row: 1 col: 1 value: 1.38183e+06
pushing to K_triplets. row: 1 col: 2 value: 3.38034e+06
pushing to K_triplets. row: 1 col: 3 value: 6.6275e+06
pushing to K_triplets. row: 1 col: 4 value: -47115.4
pushing to K_triplets. row: 1 col: 5 value: 5.88659e+06
pushing to K_triplets. row: 1 col: 6 value: -5.68877e+06
pushing to K_triplets. row: 1 col: 7 value: -1.33471e+06
pushing to K_triplets. row: 1 col: 8 value: -9.26693e+06
pushing to K_triplets. row: 2 col: 0 value: 6.43894e+06
pushing to K_triplets. row: 2 col: 1 value: 3.38034e+06
pushing to K_triplets. row: 2 col: 2 value: 1.62183e+07
pushing to K_triplets. row: 2 col: 3 value: -3.01436e+07
pushing to K_triplets. row: 2 col: 4 value: 4.39384e+06
pushing to K_triplets. row: 2 col: 5 value: -1.39657e+07
pushing to K_triplets. row: 2 col: 6 value: 2.37046e+07
pushing to K_triplets. row: 2 col: 7 value: -7.77417e+06
pushing to K_triplets. row: 2 col: 8 value: -2.25266e+06
pushing to K_triplets. row: 3 col: 0 value: -5.54437e+07
pushing to K_triplets. row: 3 col: 1 value: 6.6275e+06
pushing to K_triplets. row: 3 col: 2 value: -3.01436e+07
pushing to K_triplets. row: 3 col: 3 value: 6.5445e+08
pushing to K_triplets. row: 3 col: 4 value: -1.9299e+08
pushing to K_triplets. row: 3 col: 5 value: 4.13391e+06
pushing to K_triplets. row: 3 col: 6 value: -5.99007e+08
pushing to K_triplets. row: 3 col: 7 value: 1.86362e+08
pushing to K_triplets. row: 3 col: 8 value: 2.60097e+07
pushing to K_triplets. row: 4 col: 0 value: 4.9871e+06
pushing to K_triplets. row: 4 col: 1 value: -47115.4
pushing to K_triplets. row: 4 col: 2 value: 4.39384e+06
pushing to K_triplets. row: 4 col: 3 value: -1.9299e+08
pushing to K_triplets. row: 4 col: 4 value: 8.12121e+07
pushing to K_triplets. row: 4 col: 5 value: 7.32526e+07
pushing to K_triplets. row: 4 col: 6 value: 1.88003e+08
pushing to K_triplets. row: 4 col: 7 value: -8.1165e+07
pushing to K_triplets. row: 4 col: 8 value: -7.76464e+07
pushing to K_triplets. row: 5 col: 0 value: -3.51705e+07
pushing to K_triplets. row: 5 col: 1 value: 5.88659e+06
pushing to K_triplets. row: 5 col: 2 value: -1.39657e+07
pushing to K_triplets. row: 5 col: 3 value: 4.13391e+06
pushing to K_triplets. row: 5 col: 4 value: 7.32526e+07
pushing to K_triplets. row: 5 col: 5 value: 2.28242e+08
pushing to K_triplets. row: 5 col: 6 value: 3.10366e+07
pushing to K_triplets. row: 5 col: 7 value: -7.91392e+07
pushing to K_triplets. row: 5 col: 8 value: -2.14276e+08
pushing to K_triplets. row: 6 col: 0 value: 4.52066e+07
pushing to K_triplets. row: 6 col: 1 value: -5.68877e+06
pushing to K_triplets. row: 6 col: 2 value: 2.37046e+07
pushing to K_triplets. row: 6 col: 3 value: -5.99007e+08
pushing to K_triplets. row: 6 col: 4 value: 1.88003e+08
pushing to K_triplets. row: 6 col: 5 value: 3.10366e+07
pushing to K_triplets. row: 6 col: 6 value: 5.538e+08
pushing to K_triplets. row: 6 col: 7 value: -1.82314e+08
pushing to K_triplets. row: 6 col: 8 value: -5.47413e+07
pushing to K_triplets. row: 7 col: 0 value: -4.04837e+06
pushing to K_triplets. row: 7 col: 1 value: -1.33471e+06
pushing to K_triplets. row: 7 col: 2 value: -7.77417e+06
pushing to K_triplets. row: 7 col: 3 value: 1.86362e+08
pushing to K_triplets. row: 7 col: 4 value: -8.1165e+07
pushing to K_triplets. row: 7 col: 5 value: -7.91392e+07
pushing to K_triplets. row: 7 col: 6 value: -1.82314e+08
pushing to K_triplets. row: 7 col: 7 value: 8.24997e+07
pushing to K_triplets. row: 7 col: 8 value: 8.69134e+07
pushing to K_triplets. row: 8 col: 0 value: 2.87316e+07
pushing to K_triplets. row: 8 col: 1 value: -9.26693e+06
pushing to K_triplets. row: 8 col: 2 value: -2.25266e+06
pushing to K_triplets. row: 8 col: 3 value: 2.60097e+07
pushing to K_triplets. row: 8 col: 4 value: -7.76464e+07
pushing to K_triplets. row: 8 col: 5 value: -2.14276e+08
pushing to K_triplets. row: 8 col: 6 value: -5.47413e+07
pushing to K_triplets. row: 8 col: 7 value: 8.69134e+07
pushing to K_triplets. row: 8 col: 8 value: 2.16529e+08
--------------------------------------------------------------------------
faceIdx: 1
verticesIndices
 3
 4
 5
-1
-1
-1
rotation matrix: 
 -0.234628  -0.144227  -0.961326
  -0.26722   0.960403 -0.0788691
  0.934635   0.238381  -0.263877
localVertices[0]: 
-8.79992
 2.12896
-7.46185
localVertices[1]: 
-6.75436
 2.12896
-7.46185
localVertices[2]: 
-6.65453
 2.48479
-7.46185
--------------------------------------------------------------------------
i_prv for c[0]: 2
i for c[0]: 0
i_nxt for c[0]: 1
Y for c[0]: 1

length[i] for c[0]: 0.369567
y_prv for c[0]: 2.48479
y_nxt for c[0]: 2.12896
(y_prv - y_nxt) for c[0]: 0.35583
c[0]: 0.962828

i_prv for c[1]: 0
i for c[1]: 1
i_nxt for c[1]: 2
Y for c[1]: 1

length[i] for c[1]: 2.17469
y_prv for c[1]: 2.12896
y_nxt for c[1]: 2.48479
(y_prv - y_nxt) for c[1]: -0.35583
c[1]: -0.163623

i_prv for c[2]: 1
i for c[2]: 2
i_nxt for c[2]: 0
Y for c[2]: 1

length[i] for c[2]: 2.04556
y_prv for c[2]: 2.12896
y_nxt for c[2]: 2.12896
(y_prv - y_nxt) for c[2]: 4.44089e-16
c[2]: 2.17099e-16

vertices[0]: 
-5.47831
 1.53508
 10.2607
vertices[1]: 
-5.95825
 1.24006
 8.29425
vertices[2]: 
-6.07676
  1.5674
 8.17022
neighborExists[0]: 0
neighborExists[1]: 0
neighborExists[2]: 0
neighborVertices[0]: 
0
0
0
neighborVertices[1]: 
0
0
0
neighborVertices[2]: 
0
0
0

Element: 
heights[0]: 1.96952
heights[1]: 0.3347
heights[2]: 0.35583
cosine[0]: 0.986523
cosine[1]: -0.270116
cosine[2]: 0.424017
c[0]: 0.962828
c[1]: -0.163623
c[2]: 2.17099e-16
s[0]: -0.270116
s[1]: 0.986523
s[2]: -1
axes[0]: 
-0.234628
-0.144227
-0.961326
axes[1]: 
  -0.26722
  0.960403
-0.0788691
axes[2]: 
 0.934635
 0.238381
-0.263877
area: 0.363935
--------------------------------------------------------------------------
Neighbors: 
neighbor[0]
heightArr[0]: 0
heightArr[1]: 0
heightArr[2]: 0
cosineArr[0]: 0
cosineArr[1]: 0
cosineArr[2]: 0
height: 0
normal: 
0
0
0

neighbor[1]
heightArr[0]: 0
heightArr[1]: 0
heightArr[2]: 0
cosineArr[0]: 0
cosineArr[1]: 0
cosineArr[2]: 0
height: 0
normal: 
0
0
0

neighbor[2]
heightArr[0]: 0
heightArr[1]: 0
heightArr[2]: 0
cosineArr[0]: 0
cosineArr[1]: 0
cosineArr[2]: 0
height: 0
normal: 
0
0
0

--------------------------------------------------------------------------

R: 
    0.927037    0.0267725  4.71321e-32
   0.0729627     0.973228            1
   -0.520151    -0.322836 -4.34199e-16
H: 
-0.507738         0         0         0 -0.507738         0
        0  -2.98775         0         0         0  -2.98775
        0         0  -2.81033  -2.81033         0         0
C: 
   0.47455   0.121035  -0.133981   -1.18405  -0.301994   0.334294   0.709497   0.180959  -0.200314          0          0          0          0          0          0          0          0          0
 -0.201217 -0.0513208    0.05681    2.79245   0.712222  -0.788399   -2.59124  -0.660901   0.731589          0          0          0          0          0          0          0          0          0
  0.128184  0.0326935 -0.0361903   -2.75482  -0.702623   0.777774    2.62664    0.66993  -0.741583          0          0          0          0          0          0          0          0          0
 -0.128184 -0.0326935  0.0361903    2.75482   0.702623  -0.777774   -2.62664   -0.66993   0.741583         -0         -0         -0         -0         -0         -0         -0         -0         -0
  -0.47455  -0.121035   0.133981    1.18405   0.301994  -0.334294  -0.709497  -0.180959   0.200314         -0         -0         -0         -0         -0         -0         -0         -0         -0
  0.201217  0.0513208   -0.05681   -2.79245  -0.712222   0.788399    2.59124   0.660901  -0.731589         -0         -0         -0         -0         -0         -0         -0         -0         -0
HC: 
0 0 0 0 0 0 0 0 0 0 0 0 0 0 0 0 0 0
0 0 0 0 0 0 0 0 0 0 0 0 0 0 0 0 0 0
0 0 0 0 0 0 0 0 0 0 0 0 0 0 0 0 0 0
B: 
           0 -2.60209e-18            0            0            0            0            0            0            0            0            0            0            0            0            0            0            0            0
           0            0            0            0            0            0            0            0            0            0            0            0            0            0            0            0            0            0
 1.38778e-17  3.46945e-18  3.46945e-18            0            0            0            0            0            0            0            0            0            0            0            0            0            0            0
--------------------------------------------------------------------------
Bm: 
   0.114701   0.0705075    0.469958   -0.114701  -0.0705075   -0.469958 1.43151e-16 8.79961e-17 5.86526e-16
 -0.0366488    0.131718  -0.0108168    0.787626    -2.83077    0.232465   -0.750977     2.69905   -0.221648
  0.0984556   -0.489287  -0.0932879    0.560926    0.894613     2.79494   -0.659382   -0.405326    -2.70165
Km: 
 3.37802e+06 -2.16337e+06  1.00104e+07  1.24636e+06  6.56095e+06  1.03415e+07 -4.62438e+06 -4.39758e+06 -2.03519e+07
-2.16337e+06  2.45459e+07  1.45117e+07  2.57706e+06 -1.30483e+08 -1.08748e+08      -413692  1.05938e+08  9.42363e+07
 1.00104e+07  1.45117e+07  4.85656e+07  6.74256e+06 -9.46373e+07 -6.16115e+07 -1.67529e+07  8.01256e+07  1.30459e+07
 1.24636e+06  2.57706e+06  6.74256e+06  1.51523e+08 -4.31894e+08  1.46521e+08 -1.52769e+08  4.29317e+08 -1.53263e+08
 6.56095e+06 -1.30483e+08 -9.46373e+07 -4.31894e+08  1.85013e+09  1.41627e+08  4.25333e+08 -1.71965e+09 -4.69894e+07
 1.03415e+07 -1.08748e+08 -6.16115e+07  1.46521e+08  1.41627e+08  6.46909e+08 -1.56862e+08 -3.28787e+07 -5.85297e+08
-4.62438e+06      -413692 -1.67529e+07 -1.52769e+08  4.25333e+08 -1.56862e+08  1.57394e+08  -4.2492e+08  1.73615e+08
-4.39758e+06  1.05938e+08  8.01256e+07  4.29317e+08 -1.71965e+09 -3.28787e+07  -4.2492e+08  1.61371e+09 -4.72469e+07
-2.03519e+07  9.42363e+07  1.30459e+07 -1.53263e+08 -4.69894e+07 -5.85297e+08  1.73615e+08 -4.72469e+07  5.72251e+08
Kb: 
1.23457e-33 3.08643e-34 3.08643e-34           0           0           0           0           0           0           0           0           0           0           0           0           0           0           0
3.08643e-34 2.01169e-34 7.71607e-35           0           0           0           0           0           0           0           0           0           0           0           0           0           0           0
3.08643e-34 7.71607e-35 7.71607e-35           0           0           0           0           0           0           0           0           0           0           0           0           0           0           0
          0           0           0           0           0           0           0           0           0           0           0           0           0           0           0           0           0           0
          0           0           0           0           0           0           0           0           0           0           0           0           0           0           0           0           0           0
          0           0           0           0           0           0           0           0           0           0           0           0           0           0           0           0           0           0
          0           0           0           0           0           0           0           0           0           0           0           0           0           0           0           0           0           0
          0           0           0           0           0           0           0           0           0           0           0           0           0           0           0           0           0           0
          0           0           0           0           0           0           0           0           0           0           0           0           0           0           0           0           0           0
          0           0           0           0           0           0           0           0           0           0           0           0           0           0           0           0           0           0
          0           0           0           0           0           0           0           0           0           0           0           0           0           0           0           0           0           0
          0           0           0           0           0           0           0           0           0           0           0           0           0           0           0           0           0           0
          0           0           0           0           0           0           0           0           0           0           0           0           0           0           0           0           0           0
          0           0           0           0           0           0           0           0           0           0           0           0           0           0           0           0           0           0
          0           0           0           0           0           0           0           0           0           0           0           0           0           0           0           0           0           0
          0           0           0           0           0           0           0           0           0           0           0           0           0           0           0           0           0           0
          0           0           0           0           0           0           0           0           0           0           0           0           0           0           0           0           0           0
          0           0           0           0           0           0           0           0           0           0           0           0           0           0           0           0           0           0
Ke: 
 1.22938e+06      -787325  3.64313e+06       453593  2.38776e+06  3.76364e+06 -1.68297e+06 -1.60043e+06 -7.40677e+06            0            0            0            0            0            0            0            0            0
     -787325   8.9331e+06  5.28131e+06       937882 -4.74875e+07 -3.95772e+07      -150557  3.85544e+07  3.42959e+07            0            0            0            0            0            0            0            0            0
 3.64313e+06  5.28131e+06  1.76747e+07  2.45385e+06 -3.44418e+07 -2.24226e+07 -6.09698e+06  2.91605e+07  4.74785e+06            0            0            0            0            0            0            0            0            0
      453593       937882  2.45385e+06  5.51445e+07 -1.57181e+08   5.3324e+07 -5.55981e+07  1.56244e+08 -5.57779e+07            0            0            0            0            0            0            0            0            0
 2.38776e+06 -4.74875e+07 -3.44418e+07 -1.57181e+08  6.73327e+08  5.15429e+07  1.54794e+08  -6.2584e+08 -1.71011e+07            0            0            0            0            0            0            0            0            0
 3.76364e+06 -3.95772e+07 -2.24226e+07   5.3324e+07  5.15429e+07  2.35433e+08 -5.70877e+07 -1.19657e+07  -2.1301e+08            0            0            0            0            0            0            0            0            0
-1.68297e+06      -150557 -6.09698e+06 -5.55981e+07  1.54794e+08 -5.70877e+07  5.72811e+07 -1.54643e+08  6.31846e+07            0            0            0            0            0            0            0            0            0
-1.60043e+06  3.85544e+07  2.91605e+07  1.56244e+08  -6.2584e+08 -1.19657e+07 -1.54643e+08  5.87286e+08 -1.71948e+07            0            0            0            0            0            0            0            0            0
-7.40677e+06  3.42959e+07  4.74785e+06 -5.57779e+07 -1.71011e+07  -2.1301e+08  6.31846e+07 -1.71948e+07  2.08262e+08            0            0            0            0            0            0            0            0            0
           0            0            0            0            0            0            0            0            0            0            0            0            0            0            0            0            0            0
           0            0            0            0            0            0            0            0            0            0            0            0            0            0            0            0            0            0
           0            0            0            0            0            0            0            0            0            0            0            0            0            0            0            0            0            0
           0            0            0            0            0            0            0            0            0            0            0            0            0            0            0            0            0            0
           0            0            0            0            0            0            0            0            0            0            0            0            0            0            0            0            0            0
           0            0            0            0            0            0            0            0            0            0            0            0            0            0            0            0            0            0
           0            0            0            0            0            0            0            0            0            0            0            0            0            0            0            0            0            0
           0            0            0            0            0            0            0            0            0            0            0            0            0            0            0            0            0            0
           0            0            0            0            0            0            0            0            0            0            0            0            0            0            0            0            0            0
--------------------------------------------------------------------------
pushing to K_triplets. row: 9 col: 9 value: 1.22938e+06
pushing to K_triplets. row: 9 col: 10 value: -787325
pushing to K_triplets. row: 9 col: 11 value: 3.64313e+06
pushing to K_triplets. row: 9 col: 12 value: 453593
pushing to K_triplets. row: 9 col: 13 value: 2.38776e+06
pushing to K_triplets. row: 9 col: 14 value: 3.76364e+06
pushing to K_triplets. row: 9 col: 15 value: -1.68297e+06
pushing to K_triplets. row: 9 col: 16 value: -1.60043e+06
pushing to K_triplets. row: 9 col: 17 value: -7.40677e+06
pushing to K_triplets. row: 10 col: 9 value: -787325
pushing to K_triplets. row: 10 col: 10 value: 8.9331e+06
pushing to K_triplets. row: 10 col: 11 value: 5.28131e+06
pushing to K_triplets. row: 10 col: 12 value: 937882
pushing to K_triplets. row: 10 col: 13 value: -4.74875e+07
pushing to K_triplets. row: 10 col: 14 value: -3.95772e+07
pushing to K_triplets. row: 10 col: 15 value: -150557
pushing to K_triplets. row: 10 col: 16 value: 3.85544e+07
pushing to K_triplets. row: 10 col: 17 value: 3.42959e+07
pushing to K_triplets. row: 11 col: 9 value: 3.64313e+06
pushing to K_triplets. row: 11 col: 10 value: 5.28131e+06
pushing to K_triplets. row: 11 col: 11 value: 1.76747e+07
pushing to K_triplets. row: 11 col: 12 value: 2.45385e+06
pushing to K_triplets. row: 11 col: 13 value: -3.44418e+07
pushing to K_triplets. row: 11 col: 14 value: -2.24226e+07
pushing to K_triplets. row: 11 col: 15 value: -6.09698e+06
pushing to K_triplets. row: 11 col: 16 value: 2.91605e+07
pushing to K_triplets. row: 11 col: 17 value: 4.74785e+06
pushing to K_triplets. row: 12 col: 9 value: 453593
pushing to K_triplets. row: 12 col: 10 value: 937882
pushing to K_triplets. row: 12 col: 11 value: 2.45385e+06
pushing to K_triplets. row: 12 col: 12 value: 5.51445e+07
pushing to K_triplets. row: 12 col: 13 value: -1.57181e+08
pushing to K_triplets. row: 12 col: 14 value: 5.3324e+07
pushing to K_triplets. row: 12 col: 15 value: -5.55981e+07
pushing to K_triplets. row: 12 col: 16 value: 1.56244e+08
pushing to K_triplets. row: 12 col: 17 value: -5.57779e+07
pushing to K_triplets. row: 13 col: 9 value: 2.38776e+06
pushing to K_triplets. row: 13 col: 10 value: -4.74875e+07
pushing to K_triplets. row: 13 col: 11 value: -3.44418e+07
pushing to K_triplets. row: 13 col: 12 value: -1.57181e+08
pushing to K_triplets. row: 13 col: 13 value: 6.73327e+08
pushing to K_triplets. row: 13 col: 14 value: 5.15429e+07
pushing to K_triplets. row: 13 col: 15 value: 1.54794e+08
pushing to K_triplets. row: 13 col: 16 value: -6.2584e+08
pushing to K_triplets. row: 13 col: 17 value: -1.71011e+07
pushing to K_triplets. row: 14 col: 9 value: 3.76364e+06
pushing to K_triplets. row: 14 col: 10 value: -3.95772e+07
pushing to K_triplets. row: 14 col: 11 value: -2.24226e+07
pushing to K_triplets. row: 14 col: 12 value: 5.3324e+07
pushing to K_triplets. row: 14 col: 13 value: 5.15429e+07
pushing to K_triplets. row: 14 col: 14 value: 2.35433e+08
pushing to K_triplets. row: 14 col: 15 value: -5.70877e+07
pushing to K_triplets. row: 14 col: 16 value: -1.19657e+07
pushing to K_triplets. row: 14 col: 17 value: -2.1301e+08
pushing to K_triplets. row: 15 col: 9 value: -1.68297e+06
pushing to K_triplets. row: 15 col: 10 value: -150557
pushing to K_triplets. row: 15 col: 11 value: -6.09698e+06
pushing to K_triplets. row: 15 col: 12 value: -5.55981e+07
pushing to K_triplets. row: 15 col: 13 value: 1.54794e+08
pushing to K_triplets. row: 15 col: 14 value: -5.70877e+07
pushing to K_triplets. row: 15 col: 15 value: 5.72811e+07
pushing to K_triplets. row: 15 col: 16 value: -1.54643e+08
pushing to K_triplets. row: 15 col: 17 value: 6.31846e+07
pushing to K_triplets. row: 16 col: 9 value: -1.60043e+06
pushing to K_triplets. row: 16 col: 10 value: 3.85544e+07
pushing to K_triplets. row: 16 col: 11 value: 2.91605e+07
pushing to K_triplets. row: 16 col: 12 value: 1.56244e+08
pushing to K_triplets. row: 16 col: 13 value: -6.2584e+08
pushing to K_triplets. row: 16 col: 14 value: -1.19657e+07
pushing to K_triplets. row: 16 col: 15 value: -1.54643e+08
pushing to K_triplets. row: 16 col: 16 value: 5.87286e+08
pushing to K_triplets. row: 16 col: 17 value: -1.71948e+07
pushing to K_triplets. row: 17 col: 9 value: -7.40677e+06
pushing to K_triplets. row: 17 col: 10 value: 3.42959e+07
pushing to K_triplets. row: 17 col: 11 value: 4.74785e+06
pushing to K_triplets. row: 17 col: 12 value: -5.57779e+07
pushing to K_triplets. row: 17 col: 13 value: -1.71011e+07
pushing to K_triplets. row: 17 col: 14 value: -2.1301e+08
pushing to K_triplets. row: 17 col: 15 value: 6.31846e+07
pushing to K_triplets. row: 17 col: 16 value: -1.71948e+07
pushing to K_triplets. row: 17 col: 17 value: 2.08262e+08
--------------------------------------------------------------------------
faceIdx: 2
verticesIndices
 6
 7
 8
-1
-1
-1
rotation matrix: 
-0.674996 -0.730997 -0.100118
-0.507908  0.361938  0.781684
-0.535172  0.578484 -0.615586
localVertices[0]: 
-8.68784
 1.59707
-8.84806
localVertices[1]: 
-6.64228
 1.59707
-8.84806
localVertices[2]: 
-6.54245
  1.9529
-8.84806
--------------------------------------------------------------------------
